Parameters:
 - t_0: 0.0
 - t_f: 3.0587570621468925
 - y_0: [0. 0.]
 - v_0: [ 1.1 -0. ]
 - R: 2.3333333333333335
 - S: 0.09999999999999999

Nodes: [  26   51  101  251  501 1001]

Errors:
 - Prasath_err_v = [3.21906184e-04 6.60163982e-05 1.28357579e-05 1.37679882e-06
 2.17390639e-07]
 - Trap_err_v = [0.01741123 0.00826932 0.00405184 0.00160548 0.00080216]
 - IMEX2_err_v = [0.01612571 0.00792663 0.00396351 0.00159108 0.000797  ]
 - Daitche_err_v = [6.55946140e-03 3.35423064e-04 1.00062377e-04 2.41920174e-05
 1.13961744e-05]
 - IMEX4_err_v = [0.01508591 0.00903109 0.005929   0.00407241 0.0034616 ]
 - DIRK4_err_v = [0.01508648 0.00903115 0.00592902 0.00407241 0.0034616 ]
