Parameters:
 - t_0: 0.0
 - t_f: 3.0587570621468925
 - y_0: [0. 0.]
 - v_0: [ 1.1 -0. ]
 - R: 1.3333333333333333
 - S: 0.09999999999999999

Nodes: [  26   51  101  251  501 1001]

Errors:
 - Prasath_err_v = [1.99206358e-04 4.66125767e-05 1.00084646e-05 1.17396374e-06
 1.93125822e-07]
 - Trap_err_v = [0.01560409 0.00713148 0.00343484 0.00134785 0.00067051]
 - IMEX2_err_v = [0.0139947  0.0067151  0.00332886 0.0013307  0.00066573]
 - Daitche_err_v = [1.28226323e+01 2.70572650e-03 1.32047195e-04 3.99732659e-05
 1.88179767e-05]
 - IMEX4_err_v = [0.01307048 0.00793581 0.005294   0.00373455 0.00322899]
 - DIRK4_err_v = [0.01307109 0.00793587 0.00529401 0.00373456 0.00322899]
