Parameters:
 - t_0: 0.0
 - t_f: 3.0587570621468925
 - y_0: [0. 0.]
 - v_0: [ 1.1 -0. ]
 - R: 0.3333333333333333
 - S: 0.09999999999999999

Nodes: [  26   51  101  251  501 1001]

Errors:
 - Prasath_err_v = [5.87731571e-04 1.81640242e-04 5.15456010e-05 8.48257847e-06
 1.71598968e-06]
 - Trap_err_v = [0.01250275 0.00559557 0.00268254 0.00105118 0.00052367]
 - IMEX2_err_v = [0.01091226 0.0051952  0.00258056 0.00103459 0.00051836]
 - Daitche_err_v = [1.54414206e+06 1.70812497e+10 7.97154182e+12 2.07056188e+02
 7.10088855e-05]
 - IMEX4_err_v = [0.01052048 0.00655054 0.00446573 0.00326082 0.00288047]
 - DIRK4_err_v = [0.01052136 0.00655063 0.00446575 0.00326083 0.00288047]
