Parameters:
 - t_0: 0.0
 - t_f: 3.0587570621468925
 - y_0: [0. 0.]
 - v_0: [ 1.1 -0. ]
 - R: 1.0
 - S: 0.09999999999999999

Nodes: [  26   51  101  251  501 1001]

Errors:
 - Prasath_err_v = [7.72317713e-05 1.96963535e-05 4.53292203e-06 5.63899193e-07
 9.45677652e-08]
 - Trap_err_v = [0.01471118 0.00665463 0.00319323 0.00125067 0.00062144]
 - IMEX2_err_v = [0.01304585 0.00622816 0.00308499 0.00123317 0.00061697]
 - Daitche_err_v = [3.65522297e+02 9.46022373e+00 1.51524907e-04 5.14745346e-05
 2.46784296e-05]
 - IMEX4_err_v = [0.01226655 0.00749984 0.00503627 0.00359067 0.00312531]
 - DIRK4_err_v = [0.01226721 0.00749991 0.00503628 0.00359068 0.00312531]
