Parameters:
 - t_0: 0.0
 - t_f: 1.0
 - y_0: [0. 0.]
 - v_0: [0.1 0. ]
 - R: 0.7777777777777777
 - S: 0.10000000000000003

Nodes: [  26   51  101  251  501 1001]

Errors:
 - Prasath_err_v = [1.27240172e-06 3.30324805e-08 1.08694778e-08 2.75357875e-09
 9.74879319e-10 3.45590388e-10]
 - Trap_err_v = [0.01510636 0.00765102 0.00385649 0.00155077 0.00077681 0.00038876]
 - IMEX2_err_v = [0.01510636 0.00765102 0.00385649 0.00155077 0.00077681 0.00038876]
 - Daitche_err_v = [7.41527885e-03 3.98733556e-04 1.48561384e-04 4.54644222e-05
 2.16691275e-05 1.04273779e-05]
 - IMEX4_err_v = [0.01133398 0.00657699 0.00393252 0.00224047 0.00165737 0.0013621 ]
 - DIRK4_err_v = [0.01133398 0.00657699 0.00393252 0.00224047 0.00165737 0.0013621 ]

Runtimes:
 - Prasath_time_v = [2.05257654e-01 5.02750397e-01 1.30131078e+00 5.78105116e+00
 2.55860672e+01 2.87458398e+02]
 - Trap_time_v = [0.09839129 0.23707056 0.86071634 1.10590696 3.70007896 9.58974624]
 - IMEX2_time_v = [0.00139403 0.0031054  0.01230788 0.01916337 0.04436255 0.24364042]
 - Daitche_time_v = [2.23255157e-03 3.55887413e-03 6.39224052e-03 2.89340019e-02
 1.60146713e-01 2.38449001e+00]
 - IMEX4_time_v = [0.00952196 0.02615237 0.13616943 1.11547565 1.77783489 8.30070877]
 - DIRK4_time_v = [7.27107048e-01 2.04709387e+00 9.84063029e+00 5.36002581e+01
 1.47293718e+02 7.48948088e+02]
