Parameters:
 - t_0: 0.0
 - t_f: 1.0
 - y_0: [0. 0.]
 - v_0: [0.1 0. ]
 - R: 0.7777777777777777
 - S: 2.0000000000000004

Nodes: [ 26  51 101 251 501]

Errors:
 - Prasath_err_v = [8.99443751e-07 7.38084461e-09 2.43015637e-09 6.15694614e-10
 2.17987652e-10]
 - Trap_err_v = [0.02081177 0.01107838 0.00568063 0.00230315 0.00115648]
 - IMEX2_err_v = [0.02081177 0.01107838 0.00568063 0.00230315 0.00115648]
 - Daitche_err_v = [3.12045536e-04 1.28431595e-04 5.45045127e-05 1.83711393e-05
 8.32473968e-06]
 - IMEX4_err_v = [0.01649083 0.00946822 0.00559839 0.00310385 0.0022388 ]
 - DIRK4_err_v = [0.01649083 0.00946822 0.00559839 0.00310385 0.0022388 ]
