Parameters:
 - t_0: 0.0
 - t_f: 1.0
 - y_0: [0. 0.]
 - v_0: [0.1 0. ]
 - R: 0.7777777777777777
 - S: 1.0

Nodes: [ 26  51 101 251 501]

Errors:
 - Prasath_err_v = [1.34998480e-06 1.04424756e-08 3.43687356e-09 8.70725447e-10
 3.08281797e-10]
 - Trap_err_v = [0.02187896 0.01145707 0.00583469 0.00235706 0.00118222]
 - IMEX2_err_v = [0.02187896 0.01145707 0.00583469 0.00235706 0.00118222]
 - Daitche_err_v = [4.04256880e-04 1.66127822e-04 7.20594229e-05 2.48843351e-05
 1.14455704e-05]
 - IMEX4_err_v = [0.01695285 0.00974001 0.00577137 0.00321734 0.00233286]
 - DIRK4_err_v = [0.01695285 0.00974001 0.00577137 0.00321734 0.00233286]
