Parameters:
 - t_0: 0.0
 - t_f: 1.0
 - y_0: [0. 0.]
 - v_0: [0.1 0. ]
 - R: 0.7777777777777777
 - S: 0.10000000000000003

Nodes: [ 26  51 101 251 501]

Errors:
 - Prasath_err_v = [1.27240172e-06 3.30324805e-08 1.08694778e-08 2.75357875e-09
 9.74879319e-10]
 - Trap_err_v = [0.01510636 0.00765102 0.00385649 0.00155077 0.00077681]
 - IMEX2_err_v = [0.01510636 0.00765102 0.00385649 0.00155077 0.00077681]
 - Daitche_err_v = [7.41527885e-03 3.98733556e-04 1.48561384e-04 4.54644222e-05
 2.16691275e-05]
 - IMEX4_err_v = [0.01133398 0.00657699 0.00393252 0.00224047 0.00165737]
 - DIRK4_err_v = [0.01133398 0.00657699 0.00393252 0.00224047 0.00165737]
