Parameters:
 - t_0: 0.0
 - t_f: 1.0
 - y_0: [0. 0.]
 - v_0: [0.1 0. ]
 - R: 0.7777777777777777
 - S: 10.000000000000004

Nodes: [ 26  51 101 251 501]

Errors:
 - Prasath_err_v = [4.45696755e-06 3.25747531e-09 1.08641026e-09 2.75399946e-10
 9.74858846e-11]
 - Trap_err_v = [0.01450241 0.00797597 0.00415753 0.00170194 0.0008573 ]
 - IMEX2_err_v = [0.01450241 0.00797597 0.00415753 0.00170194 0.0008573 ]
 - Daitche_err_v = [1.54360854e-04 6.04411934e-05 2.43518382e-05 7.67548185e-06
 3.32067481e-06]
 - IMEX4_err_v = [0.01207534 0.00695262 0.00409865 0.00225222 0.00161037]
 - DIRK4_err_v = [0.01207534 0.00695262 0.00409865 0.00225222 0.00161037]
