Parameters:
 - t_0: 0.0
 - t_f: 1.0
 - y_0: [0. 0.]
 - v_0: [0.1 0. ]
 - R: 0.7777777777777777
 - S: 0.5000000000000001

Nodes: [ 26  51 101 251 501]

Errors:
 - Prasath_err_v = [2.19980272e-06 1.47697028e-08 4.86056226e-09 1.23139679e-09
 4.35976883e-10]
 - Trap_err_v = [0.0213138  0.01099214 0.00556769 0.00224335 0.00112432]
 - IMEX2_err_v = [0.0213138  0.01099214 0.00556769 0.00224335 0.00112432]
 - Daitche_err_v = [5.42120632e-04 2.03382651e-04 9.01973270e-05 3.18385740e-05
 1.48263668e-05]
 - IMEX4_err_v = [0.0162084  0.00933367 0.00554491 0.00311067 0.00226894]
 - DIRK4_err_v = [0.0162084  0.00933367 0.00554491 0.00311067 0.00226894]
