Parameters:
 - t_0: 0.0
 - t_f: 1.0
 - y_0: [0. 0.]
 - v_0: [0.1 0. ]
 - R: 0.7777777777777777
 - S: 4.0

Nodes: [ 26  51 101 251 501]

Errors:
 - Prasath_err_v = [6.39906608e-07 5.21046066e-09 1.71826949e-09 4.35361176e-10
 1.54139942e-10]
 - Trap_err_v = [0.01848557 0.0099932  0.00516192 0.00210158 0.00105669]
 - IMEX2_err_v = [0.01848557 0.0099932  0.00516192 0.00210158 0.00105669]
 - Daitche_err_v = [2.35655476e-04 9.48326391e-05 3.93632829e-05 1.29125727e-05
 5.74732105e-06]
 - IMEX4_err_v = [0.01498361 0.00860904 0.00508223 0.0028051  0.00201451]
 - DIRK4_err_v = [0.01498361 0.00860904 0.00508223 0.0028051  0.00201451]
