Parameters:
 - t_0: 0.0
 - t_f: 1.0
 - y_0: [0. 0.]
 - v_0: [0.1 0. ]
 - R: 0.7777777777777777
 - S: 0.010000000000000002

Nodes: [ 26  51 101 251 501]

Errors:
 - Prasath_err_v = [4.26952365e-07 1.04628720e-07 3.44039920e-08 8.71078742e-09
 3.08299906e-09]
 - Trap_err_v = [0.00604314 0.00307042 0.00154908 0.00062316 0.00031219]
 - IMEX2_err_v = [0.00604314 0.00307042 0.00154908 0.00062316 0.00031219]
 - Daitche_err_v = [8.43072041e+08 1.19136224e+15 1.07817963e+20 3.03134901e+10
 3.98733553e-05]
 - IMEX4_err_v = [0.00462736 0.00269702 0.00162305 0.0009391  0.00070413]
 - DIRK4_err_v = [0.00462736 0.00269702 0.00162305 0.0009391  0.00070413]
