Parameters:
 - t_0: 0.0
 - t_f: 3.0587570621468925
 - y_0: [0. 0.]
 - v_0: [ 1.1 -0. ]
 - R: 0.7777777777777777
 - S: 0.5000000000000001

Nodes: [  26   51  101  251  501 1001]

Errors:
 - Prasath_err_v = [3.81985709e-05 8.26744024e-06 1.70646193e-06 1.98078323e-07
 3.31636083e-08]
 - Trap_err_v = [0.03641153 0.01687571 0.00814791 0.00319665 0.00158882]
 - IMEX2_err_v = [0.03387903 0.0162113  0.00797793 0.00316909 0.00158161]
 - Daitche_err_v = [7.62600254e-04 3.81725628e-04 1.86901471e-04 7.82759422e-05
 4.16952567e-05]
 - IMEX4_err_v = [0.02785518 0.01659979 0.01066131 0.00703323 0.0058208 ]
 - DIRK4_err_v = [0.02785584 0.01659987 0.01066133 0.00703323 0.0058208 ]
