Parameters:
 - t_0: 0.0
 - t_f: 3.0587570621468925
 - y_0: [0. 0.]
 - v_0: [ 1.1 -0. ]
 - R: 0.7777777777777777
 - S: 10.000000000000002

Nodes: [  26   51  101  251  501 1001]

Errors:
 - Prasath_err_v = [4.10438225e-06 7.46647961e-07 1.35368675e-07 1.39291662e-08
 2.19987721e-09]
 - Trap_err_v = [0.04519297 0.02148144 0.01044175 0.00410436 0.0020401 ]
 - IMEX2_err_v = [0.04163126 0.02055121 0.0102047  0.00406603 0.00203054]
 - Daitche_err_v = [9.22265420e-04 1.97777197e-04 8.04687742e-05 2.99026078e-05
 1.47012430e-05]
 - IMEX4_err_v = [0.03300457 0.01923389 0.01194746 0.0074075  0.00586535]
 - DIRK4_err_v = [0.03300509 0.01923393 0.01194747 0.0074075  0.00586535]
