Parameters:
 - t_0: 0.0
 - t_f: 3.0587570621468925
 - y_0: [0. 0.]
 - v_0: [ 1.1 -0. ]
 - R: 0.7777777777777777
 - S: 3.9999999999999996

Nodes: [  26   51  101  251  501 1001]

Errors:
 - Prasath_err_v = [1.03852798e-05 1.96107791e-06 3.66293996e-07 3.84369387e-08
 6.06651369e-09]
 - Trap_err_v = [0.0521271  0.02472497 0.01200599 0.00471643 0.00234393]
 - IMEX2_err_v = [0.04879605 0.02385281 0.01178339 0.0046804  0.0023349 ]
 - Daitche_err_v = [7.94703790e-04 3.01710881e-04 1.40062055e-04 5.33962995e-05
 2.64816920e-05]
 - IMEX4_err_v = [0.03833108 0.02239488 0.01396732 0.0087291  0.00695284]
 - DIRK4_err_v = [0.0383316  0.02239494 0.01396734 0.0087291  0.00695284]
