Parameters:
 - t_0: 0.0
 - t_f: 3.0587570621468925
 - y_0: [0. 0.]
 - v_0: [ 1.1 -0. ]
 - R: 0.7777777777777777
 - S: 0.010000000000000002

Nodes: [  26   51  101  251  501 1001]

Errors:
 - Prasath_err_v = [4.91734432e-05 1.70919247e-05 5.24126252e-06 9.27150166e-07
 1.95968086e-07]
 - Trap_err_v = [0.00318558 0.00140187 0.00068595 0.00027498 0.00013803]
 - IMEX2_err_v = [0.00341398 0.00153113 0.00072572 0.00028191 0.00013969]
 - Daitche_err_v = [1.77207009e+17 1.16400141e+27 8.32405606e+43 3.87397403e+67
 8.27414492e+67]
 - IMEX4_err_v = [0.00271842 0.00172414 0.00123646 0.00099436 0.00093222]
 - DIRK4_err_v = [0.00271913 0.0017242  0.00123646 0.00099436 0.00093222]
