Parameters:
 - t_0: 0.0
 - t_f: 3.0587570621468925
 - y_0: [0. 0.]
 - v_0: [ 1.1 -0. ]
 - R: 0.7777777777777777
 - S: 0.09999999999999999

Nodes: [  26   51  101  251  501 1001]

Errors:
 - Prasath_err_v = [6.46172193e-05 1.62408140e-05 3.77374751e-06 4.94981898e-07
 8.85727565e-08]
 - Trap_err_v = [0.01403329 0.00631392 0.00302532 0.00118421 0.00058871]
 - IMEX2_err_v = [0.01235857 0.00588791 0.00291729 0.00116674 0.00058387]
 - Daitche_err_v = [4.26066426e+03 4.19722210e+03 6.08094288e-04 6.41660529e-05
 3.13828101e-05]
 - IMEX4_err_v = [0.01170102 0.00719297 0.00485325 0.00348651 0.00304898]
 - DIRK4_err_v = [0.01170175 0.00719304 0.00485327 0.00348651 0.00304898]
