Parameters:
 - t_0: 0.0
 - t_f: 3.0587570621468925
 - y_0: [0. 0.]
 - v_0: [ 1.1 -0. ]
 - R: 0.7777777777777777
 - S: 0.9999999999999999

Nodes: [  26   51  101  251  501 1001]

Errors:
 - Prasath_err_v = [2.67015528e-05 5.45441333e-06 1.08279636e-06 1.20756713e-07
 1.97569331e-08]
 - Trap_err_v = [0.04641632 0.02174393 0.01052274 0.00412969 0.00205219]
 - IMEX2_err_v = [0.04359134 0.02100247 0.01033313 0.00409896 0.00204433]
 - Daitche_err_v = [9.11888786e-04 4.27898659e-04 2.02637770e-04 8.13226878e-05
 4.19166384e-05]
 - IMEX4_err_v = [0.03476864 0.02052804 0.01300092 0.00836143 0.00679922]
 - DIRK4_err_v = [0.03476924 0.02052811 0.01300094 0.00836143 0.00679922]
