Parameters:
 - t_0: 0.0
 - t_f: 3.0587570621468925
 - y_0: [0. 0.]
 - v_0: [ 1.1 -0. ]
 - R: 0.7777777777777777
 - S: 2.0000000000000004

Nodes: [  26   51  101  251  501 1001]

Errors:
 - Prasath_err_v = [1.73502236e-05 3.39791980e-06 6.52517750e-07 7.03544442e-08
 1.12798592e-08]
 - Trap_err_v = [0.05215628 0.0246229  0.01193859 0.00468727 0.00232919]
 - IMEX2_err_v = [0.04906077 0.0238113  0.01173125 0.00465369 0.00232071]
 - Daitche_err_v = [8.79052691e-04 3.93955776e-04 1.84057795e-04 7.14152767e-05
 3.59156491e-05]
 - IMEX4_err_v = [0.03860511 0.02264607 0.01420704 0.00897794 0.00720933]
 - DIRK4_err_v = [0.03860565 0.02264614 0.01420705 0.00897795 0.00720933]
