Parameters:
 - t_0: 0.0
 - t_f: 0.1
 - y_0: [1.  0.5]
 - v_0: [-2.59139887e-33 -3.45575192e-01]
 - R: 0.7777777777777777
 - S: 0.09999999999999999

Nodes: [  26   51  101  251  501 1001]

Errors:
 - Prasath_err_v = [2.51915373e-06 5.19073411e-09 2.08490241e-10 3.32300318e-11
 7.59269190e-12]
 - Trap_err_v = [0.00154998 0.00103049 0.00056357 0.00023185 0.00011671]
 - IMEX2_err_v = [0.00155008 0.00103052 0.00056358 0.00023185 0.00011671]
 - Daitche_err_v = [1.23018041e-05 5.19204912e-06 2.25281387e-06 7.78235847e-07
 3.58024052e-07]
 - IMEX4_err_v = [0.00130179 0.0007949  0.00044576 0.000216   0.00013263]
 - DIRK4_err_v = [0.00130179 0.0007949  0.00044576 0.000216   0.00013263]
