Parameters:
 - t_0: 0.0
 - t_f: 0.1
 - y_0: [1.  0.5]
 - v_0: [-2.59139887e-33 -3.45575192e-01]
 - R: 0.3333333333333333
 - S: 0.09999999999999999

Nodes: [  26   51  101  251  501 1001]

Errors:
 - Prasath_err_v = [1.01779447e-06 5.48259909e-09 1.61930090e-09 2.01636605e-10
 3.65189531e-11]
 - Trap_err_v = [0.00187931 0.00122194 0.00064945 0.00026352 0.00013218]
 - IMEX2_err_v = [0.00187943 0.00122197 0.00064946 0.00026352 0.00013218]
 - Daitche_err_v = [2.45807389e-05 1.13376255e-05 5.22676116e-06 1.89727149e-06
 8.93184275e-07]
 - IMEX4_err_v = [0.00154692 0.00090927 0.00050701 0.00024642 0.00015195]
 - DIRK4_err_v = [0.00154692 0.00090927 0.00050701 0.00024642 0.00015195]
