Parameters:
 - t_0: 0.0
 - t_f: 0.1
 - y_0: [1.  0.5]
 - v_0: [-2.59139887e-33 -3.45575192e-01]
 - R: 2.3333333333333335
 - S: 0.09999999999999999

Nodes: [  26   51  101  251  501 1001]

Errors:
 - Prasath_err_v = [2.85566421e-04 3.63942550e-07 6.71469764e-11 5.54970199e-12
 1.36152328e-12]
 - Trap_err_v = [9.11676329e-04 6.28516085e-04 3.61606895e-04 1.53989400e-04
 7.83644851e-05]
 - IMEX2_err_v = [9.11719030e-04 6.28525302e-04 3.61609100e-04 1.53989750e-04
 7.83645726e-05]
 - Daitche_err_v = [4.45237359e-06 1.73498595e-06 7.01602236e-07 2.23537110e-07
 9.76320300e-08]
 - IMEX4_err_v = [7.96781225e-04 5.18563149e-04 2.97880063e-04 1.44068341e-04
 8.78865195e-05]
 - DIRK4_err_v = [7.96781225e-04 5.18563148e-04 2.97880063e-04 1.44068341e-04
 8.78865195e-05]
