Parameters:
 - t_0: 0.0
 - t_f: 0.1
 - y_0: [1.  0.5]
 - v_0: [-2.59139887e-33 -3.45575192e-01]
 - R: 1.0
 - S: 0.09999999999999999

Nodes: [  26   51  101  251  501 1001]

Errors:
 - Prasath_err_v = [2.21424570e-06 4.57399744e-09 8.32196550e-11 1.81776977e-11
 4.80033757e-12]
 - Trap_err_v = [0.00141742 0.00094973 0.00052509 0.00021743 0.00010966]
 - IMEX2_err_v = [0.0014175  0.00094975 0.00052509 0.00021743 0.00010966]
 - Daitche_err_v = [9.82540953e-06 4.06087954e-06 1.73457691e-06 5.90129868e-07
 2.69149376e-07]
 - IMEX4_err_v = [0.00119975 0.00074295 0.00041827 0.00020251 0.00012415]
 - DIRK4_err_v = [0.00119975 0.00074295 0.00041827 0.00020251 0.00012415]
