Parameters:
 - t_0: 0.0
 - t_f: 0.1
 - y_0: [1.  0.5]
 - v_0: [-2.59139887e-33 -3.45575192e-01]
 - R: 1.3333333333333333
 - S: 0.09999999999999999

Nodes: [  26   51  101  251  501 1001]

Errors:
 - Prasath_err_v = [1.92617432e-05 4.06274083e-09 4.30642001e-11 9.53219619e-12
 2.93441838e-12]
 - Trap_err_v = [0.00125094 0.00084604 0.00047402 0.000198   0.00010012]
 - IMEX2_err_v = [0.00125101 0.00084606 0.00047402 0.000198   0.00010012]
 - Daitche_err_v = [7.54426381e-06 3.05087969e-06 1.27980541e-06 4.26957357e-07
 1.92399920e-07]
 - IMEX4_err_v = [0.00106937 0.00067347 0.0003814  0.00018452 0.00011292]
 - DIRK4_err_v = [0.00106937 0.00067347 0.0003814  0.00018452 0.00011292]
