Parameters:
 - t_0: 0.0
 - t_f: 3.0587570621468925
 - y_0: [0. 0.]
 - v_0: [ 1.1 -0. ]
 - R: 0.7777777777777777
 - S: 0.09999999999999999

Nodes: [  26   51  101  251  501 1001]

Errors:
 - Prasath_err_v = [6.46172193e-05 1.62408140e-05 3.77374751e-06 4.94981898e-07
 8.85727565e-08]
 - Trap_err_v = [0.01403329 0.00631392 0.00302532 0.00118421 0.00058871]
 - IMEX2_err_v = [0.01235857 0.00588791 0.00291729 0.00116674 0.00058387]
 - Daitche_err_v = [4.26066426e+03 4.19722210e+03 6.08094288e-04 6.41660529e-05
 3.13828101e-05]
 - IMEX4_err_v = [0.01170102 0.00719297 0.00485325 0.00348651 0.00304898]
 - DIRK4_err_v = [0.01170175 0.00719304 0.00485327 0.00348651 0.00304898]

Runtimes:
 - Prasath_time_v = [  1.18729568   2.0060966   11.39659286  32.49726319 101.38657689]
 - Trap_time_v = [0.12062263 0.16257668 0.38214397 1.4673171  3.15153241]
 - IMEX2_time_v = [0.00448847 0.00881958 0.018255   0.04706359 0.09984779]
 - Daitche_time_v = [0.01230621 0.01943851 0.03366637 0.09376407 0.3325758 ]
 - IMEX4_time_v = [0.01750898 0.03837061 0.10085511 0.48347878 1.84569287]
 - DIRK4_time_v = [  1.4247117    4.52230763  12.55607772  70.61074138 269.9880259 ]
