Parameters:
 - t_0: 0.0
 - t_f: 0.1
 - y_0: [1.  0.5]
 - v_0: (-2.3558171576799583e-33, -0.3141592653589793)
 - R: 1.0
 - S: 0.09999999999999999

Nodes: [  26   51  101  251  501 1001]

Errors:
 - Prasath_err_v = [1.39221259e-15 1.18018326e-15 1.20088981e-15 1.34263563e-15
 1.09344287e-15]
 - Trap_err_v = [6.49203756e-08 1.62300930e-08 4.05752321e-09 6.49205406e-10
 1.62301803e-10]
 - IMEX2_err_v = [3.24097570e-08 8.10223849e-09 2.02553430e-09 3.24082288e-10
 8.10196162e-11]
 - Daitche_err_v = [9.74479820e-11 1.17396033e-11 1.44270339e-12 9.11915593e-14
 1.12921198e-14]
 - IMEX4_err_v = [2.34280735e-14 4.00296604e-16 7.10889596e-16 1.19574679e-15
 1.29592087e-15]
 - DIRK4_err_v = [3.17919492e-15 1.00074151e-15 1.24126708e-15 9.93013661e-16
 7.46826159e-16]
