Parameters:
 - t_0: 0.0
 - t_f: 0.1
 - y_0: [1.  0.5]
 - v_0: (-2.3558171576799583e-33, -0.3141592653589793)
 - R: 1.3333333333333333
 - S: 0.09999999999999999

Nodes: [  26   51  101  251  501 1001]

Errors:
 - Prasath_err_v = [1.34682571e-07 3.45878975e-10 6.20974228e-11 6.13129705e-12
 9.03594226e-13]
 - Trap_err_v = [3.77950145e-06 1.66643016e-06 5.27537584e-07 9.13973927e-08
 2.31672649e-08]
 - IMEX2_err_v = [3.69708512e-06 1.64655046e-06 5.22626069e-07 9.06139214e-08
 2.29714777e-08]
 - Daitche_err_v = [1.23474651e-09 1.68011106e-10 2.20746023e-11 1.55383897e-12
 3.35373297e-13]
 - IMEX4_err_v = [1.98643165e-06 4.82587034e-07 5.40077682e-08 1.80025104e-09
 1.22455213e-10]
 - DIRK4_err_v = [1.98643158e-06 4.82587016e-07 5.40086192e-08 1.80022091e-09
 1.22436038e-10]
