Parameters:
 - t_0: 0.0
 - t_f: 0.1
 - y_0: [1.  0.5]
 - v_0: (-2.3558171576799583e-33, -0.3141592653589793)
 - R: 0.3333333333333333
 - S: 0.09999999999999999

Nodes: [  26   51  101  251  501 1001]

Errors:
 - Prasath_err_v = [2.41100249e-08 6.81430558e-09 1.39897539e-09 1.54363249e-10
 2.39216492e-11]
 - Trap_err_v = [1.55519292e-05 7.38853906e-06 2.36485565e-06 4.08054312e-07
 1.03337112e-07]
 - IMEX2_err_v = [1.56876832e-05 7.42473573e-06 2.37402788e-06 4.09524919e-07
 1.03704858e-07]
 - Daitche_err_v = [5.08493758e-09 7.95789272e-10 1.20750617e-10 1.32512662e-11
 5.92731994e-12]
 - IMEX4_err_v = [8.80995300e-06 2.06620567e-06 2.03840836e-07 6.37016495e-09
 4.20755471e-10]
 - DIRK4_err_v = [8.80995235e-06 2.06620547e-06 2.03840313e-07 6.37026923e-09
 4.20771246e-10]
