Parameters:
 - t_0: 0.0
 - t_f: 0.1
 - y_0: [1.  0.5]
 - v_0: (-2.3558171576799583e-33, -0.3141592653589793)
 - R: 2.3333333333333335
 - S: 0.09999999999999999

Nodes: [  26   51  101  251  501 1001]

Errors:
 - Prasath_err_v = [4.35760792e-06 4.44172978e-09 8.56366900e-11 8.29609145e-12
 1.21029940e-12]
 - Trap_err_v = [8.66000761e-06 3.66508128e-06 1.14451544e-06 1.97829395e-07
 5.01348173e-08]
 - IMEX2_err_v = [8.61131212e-06 3.65484513e-06 1.14212402e-06 1.97454298e-07
 5.00413106e-08]
 - Daitche_err_v = [2.66128283e-09 3.54864244e-10 4.53115389e-11 2.91093357e-12
 5.17873642e-13]
 - IMEX4_err_v = [4.42899737e-06 1.07148873e-06 1.25023050e-07 4.28806407e-09
 2.94451410e-10]
 - DIRK4_err_v = [4.42899723e-06 1.07148869e-06 1.25023229e-07 4.28781743e-09
 2.94493240e-10]
