Parameters:
 - t_0: 0.0
 - t_f: 3.0587570621468925
 - y_0: [0. 0.]
 - v_0: (1.0, -0.0)
 - R: 0.7777777777777777
 - S: 3.9999999999999996

Nodes: [  26   51  101  251  501 1001]

Errors:
 - Prasath_err_v = [2.08642754e-05 4.05467312e-06 7.67697296e-07 8.15909938e-08
 1.29513758e-08]
 - Trap_err_v = [4.79057194e-03 1.24152390e-03 3.15181995e-04 5.08522183e-05
 1.27348406e-05]
 - IMEX2_err_v = [2.31647656e-03 5.97852997e-04 1.50684901e-04 2.41727988e-05
 6.04661406e-06]
 - Daitche_err_v = [9.09490431e-04 1.07487811e-04 1.17029017e-05 5.03253685e-07
 3.32544907e-08]
 - IMEX4_err_v = [1.44944318e-04 7.65804278e-06 4.34157854e-07 9.10429731e-09
 2.81639936e-09]
 - DIRK4_err_v = [1.45183402e-04 7.66753476e-06 4.34614926e-07 9.12808869e-09
 2.82407213e-09]
