Parameters:
 - t_0: 0.0
 - t_f: 3.0587570621468925
 - y_0: [0. 0.]
 - v_0: (1.0, -0.0)
 - R: 0.7777777777777777
 - S: 0.5000000000000001

Nodes: [  26   51  101  251  501 1001]

Errors:
 - Prasath_err_v = [8.64662015e-05 1.90733035e-05 3.96874404e-06 4.59361747e-07
 7.59349962e-08]
 - Trap_err_v = [2.87798418e-03 7.14609570e-04 1.78884811e-04 2.87150431e-05
 7.45250094e-06]
 - IMEX2_err_v = [1.45728730e-03 3.66374309e-04 9.22002948e-05 1.48133805e-05
 3.70278828e-06]
 - Daitche_err_v = [7.01254683e-04 7.18059444e-05 5.50045783e-06 5.26499705e-07
 1.69714080e-07]
 - IMEX4_err_v = [8.98274333e-05 8.32589414e-06 6.02443410e-07 7.98425280e-09
 1.82665232e-08]
 - DIRK4_err_v = [8.93839842e-05 8.29769806e-06 6.00695547e-07 8.01716252e-09
 1.82853538e-08]
