Parameters:
 - t_0: 0.0
 - t_f: 3.0587570621468925
 - y_0: [0. 0.]
 - v_0: (1.0, -0.0)
 - R: 0.7777777777777777
 - S: 10.000000000000002

Nodes: [  26   51  101  251  501 1001]

Errors:
 - Prasath_err_v = [8.07694774e-06 1.55698511e-06 2.86728861e-07 2.97433103e-08
 4.65945879e-09]
 - Trap_err_v = [3.87521514e-03 1.00867040e-03 2.56264170e-04 4.13292970e-05
 1.03013705e-05]
 - IMEX2_err_v = [1.51069524e-03 4.02686499e-04 1.02081051e-04 1.63710226e-05
 4.09149611e-06]
 - Daitche_err_v = [1.04611905e-03 1.28420695e-04 1.49748617e-05 7.88236707e-07
 7.13686770e-08]
 - IMEX4_err_v = [2.27688187e-04 1.42463218e-05 8.77420481e-07 2.20132577e-08
 1.72698602e-09]
 - DIRK4_err_v = [2.28077316e-04 1.42724664e-05 8.79248679e-07 2.20793435e-08
 1.74069001e-09]
