Parameters:
 - t_0: 0.0
 - t_f: 3.0587570621468925
 - y_0: [0. 0.]
 - v_0: (1.0, -0.0)
 - R: 0.7777777777777777
 - S: 0.010000000000000002

Nodes: [  26   51  101  251  501 1001]

Errors:
 - Prasath_err_v = [7.13891321e-05 2.56786394e-05 8.28235837e-06 1.54859351e-06
 3.33468670e-07]
 - Trap_err_v = [1.69954389e-03 4.24753086e-04 1.06298482e-04 1.71040416e-05
 4.33819524e-06]
 - IMEX2_err_v = [1.12774525e-03 3.08754767e-04 8.06097059e-05 1.31501761e-05
 3.23723943e-06]
 - Daitche_err_v = [5.97719821e+14 9.18988218e+24 4.46977738e+41 1.26377623e+65
 1.68214886e+65]
 - IMEX4_err_v = [3.00245408e-06 1.24022218e-07 1.00545941e-07 1.15133813e-07
 1.15536107e-07]
 - DIRK4_err_v = [2.61271765e-06 9.96851823e-08 1.02514633e-07 1.15233581e-07
 1.15543061e-07]
