Parameters:
 - t_0: 0.0
 - t_f: 3.0587570621468925
 - y_0: [0. 0.]
 - v_0: (1.0, -0.0)
 - R: 0.7777777777777777
 - S: 0.9999999999999999

Nodes: [  26   51  101  251  501 1001]

Errors:
 - Prasath_err_v = [5.97378172e-05 1.24801529e-05 2.49604744e-06 2.78646438e-07
 4.52892255e-08]
 - Trap_err_v = [3.92906890e-03 9.93692772e-04 2.50363749e-04 4.02947075e-05
 1.02370851e-05]
 - IMEX2_err_v = [1.99172136e-03 4.92744317e-04 1.22738477e-04 1.96160501e-05
 4.90336742e-06]
 - Daitche_err_v = [7.39667562e-04 7.81438761e-05 6.76536209e-06 3.78303153e-07
 1.19824856e-07]
 - IMEX4_err_v = [7.35668176e-05 7.55146527e-06 5.80235373e-07 8.04698783e-09
 1.03201828e-08]
 - DIRK4_err_v = [7.31489547e-05 7.52535144e-06 5.78869374e-07 8.03735349e-09
 1.03371411e-08]
