Parameters:
 - t_0: 0.0
 - t_f: 3.0587570621468925
 - y_0: [0. 0.]
 - v_0: (1.0, -0.0)
 - R: 0.7777777777777777
 - S: 2.0000000000000004

Nodes: [  26   51  101  251  501 1001]

Errors:
 - Prasath_err_v = [3.70020140e-05 7.42342849e-06 1.43995589e-06 1.56393662e-07
 2.50929624e-08]
 - Trap_err_v = [4.72560032e-03 1.21335924e-03 3.07195220e-04 4.95271267e-05
 1.24620580e-05]
 - IMEX2_err_v = [2.44617862e-03 6.18409429e-04 1.55036569e-04 2.48394592e-05
 6.21339979e-06]
 - Daitche_err_v = [8.12763199e-04 9.13657508e-05 9.02008875e-06 3.18207759e-07
 6.12337705e-08]
 - IMEX4_err_v = [7.64462107e-05 5.14047584e-06 3.84874344e-07 5.42019502e-09
 5.45665028e-09]
 - DIRK4_err_v = [7.63832263e-05 5.12133536e-06 3.83757770e-07 5.40281086e-09
 5.47111635e-09]
