Parameters:
 - t_0: 0.0
 - t_f: 1.0
 - y_0: [1. 0.]
 - v_0: (-0.0, 1.0)
 - R: 0.7777777777777777
 - S: 0.5000000000000001

Nodes: [ 26  51 101 251 501]

Errors:
 - Prasath_err_v = [5.44452292e-06 1.27104099e-06 2.46279909e-07 2.73535127e-08
 5.18905531e-09]
 - Trap_err_v = [1.75686185e-03 4.64111454e-04 1.18683330e-04 1.92308742e-05
 4.82737780e-06]
 - IMEX2_err_v = [1.76076704e-03 4.71124945e-04 1.20799909e-04 1.95794091e-05
 4.91423580e-06]
 - Daitche_err_v = [2.11302196e-05 5.05763402e-06 1.12152913e-06 1.39764141e-07
 2.76752118e-08]
 - IMEX4_err_v = [2.16461852e-04 2.28622349e-05 1.89807479e-06 5.92304036e-08
 4.03052030e-09]
 - DIRK4_err_v = [2.16460967e-04 2.28621630e-05 1.89807134e-06 5.92303867e-08
 4.03051625e-09]
