Parameters:
 - t_0: 0.0
 - t_f: 1.0
 - y_0: [1. 0.]
 - v_0: (-0.0, 1.0)
 - R: 0.7777777777777777
 - S: 0.10000000000000003

Nodes: [ 26  51 101 251 501]

Errors:
 - Prasath_err_v = [1.05534662e-05 2.36341911e-06 5.01953706e-07 6.06148696e-08
 1.19488322e-08]
 - Trap_err_v = [4.36111200e-04 1.13145678e-04 2.88382121e-05 4.67201413e-06
 1.17306798e-06]
 - IMEX2_err_v = [6.74262508e-04 1.77974429e-04 4.53321156e-05 7.31981720e-06
 1.83495668e-06]
 - Daitche_err_v = [1.56827995e-04 7.03466471e-06 1.60804103e-06 2.19326217e-07
 4.67044402e-08]
 - IMEX4_err_v = [9.08128436e-05 1.31587826e-05 1.43189192e-06 5.27478504e-08
 3.83238459e-09]
 - DIRK4_err_v = [9.08122174e-05 1.31587161e-05 1.43188866e-06 5.27478354e-08
 3.83236768e-09]
