Parameters:
 - t_0: 0.0
 - t_f: 1.0
 - y_0: [1. 0.]
 - v_0: (-0.0, 1.0)
 - R: 0.7777777777777777
 - S: 0.010000000000000002

Nodes: [ 26  51 101 251 501]

Errors:
 - Prasath_err_v = [8.78463727e-06 2.63463672e-06 7.21678643e-07 1.14762239e-07
 2.67253847e-08]
 - Trap_err_v = [1.05083733e-04 2.56789025e-05 6.36443212e-06 1.01385280e-06
 2.53126043e-07]
 - IMEX2_err_v = [2.97071531e-04 7.47624647e-05 1.87383980e-05 3.00214389e-06
 7.50845271e-07]
 - Daitche_err_v = [8.67329615e+06 8.62674750e+12 5.17305321e+17 7.41304183e+07
 7.25004301e-08]
 - IMEX4_err_v = [1.24298468e-05 2.75352502e-06 4.90134850e-07 3.07784645e-08
 2.44821932e-09]
 - DIRK4_err_v = [1.24296032e-05 2.75349087e-06 4.90133120e-07 3.07783691e-08
 2.44821314e-09]
