Parameters:
 - t_0: 0.0
 - t_f: 1.0
 - y_0: [1. 0.]
 - v_0: (-0.0, 1.0)
 - R: 0.7777777777777777
 - S: 4.0

Nodes: [ 26  51 101 251 501]

Errors:
 - Prasath_err_v = [2.10638278e-06 3.85313611e-07 7.13542006e-08 7.74470250e-09
 1.49189759e-09]
 - Trap_err_v = [3.44492052e-03 9.19833728e-04 2.35748864e-04 3.82173632e-05
 9.59354586e-06]
 - IMEX2_err_v = [3.18697916e-03 8.55620823e-04 2.19686314e-04 3.56413291e-05
 8.94878511e-06]
 - Daitche_err_v = [2.18330913e-05 2.43371928e-06 4.88137741e-07 6.03317442e-08
 1.18812178e-08]
 - IMEX4_err_v = [3.28838452e-04 2.69578484e-05 1.94219790e-06 5.53549455e-08
 3.60097939e-09]
 - DIRK4_err_v = [3.28838410e-04 2.69578246e-05 1.94219631e-06 5.53548080e-08
 3.60098962e-09]
