Parameters:
 - t_0: 0.0
 - t_f: 1.0
 - y_0: [1. 0.]
 - v_0: (-0.0, 1.0)
 - R: 0.7777777777777777
 - S: 10.000000000000004

Nodes: [ 26  51 101 251 501]

Errors:
 - Prasath_err_v = [5.80315187e-06 2.26896216e-07 4.20595995e-08 4.58751425e-09
 8.95439360e-10]
 - Trap_err_v = [3.38320257e-03 9.03984288e-04 2.31758746e-04 3.75725077e-05
 9.43158688e-06]
 - IMEX2_err_v = [3.05659493e-03 8.21468904e-04 2.11037393e-04 3.42477717e-05
 8.59959275e-06]
 - Daitche_err_v = [2.54900353e-05 3.03647442e-06 3.39764139e-07 3.96677300e-08
 7.99554940e-09]
 - IMEX4_err_v = [3.10835301e-04 2.44352858e-05 1.72776980e-06 4.83438050e-08
 3.11974055e-09]
 - DIRK4_err_v = [3.10836022e-04 2.44352987e-05 1.72777015e-06 4.83431774e-08
 3.11985508e-09]
