Parameters:
 - t_0: 0.0
 - t_f: 1.0
 - y_0: [1. 0.]
 - v_0: (-0.0, 1.0)
 - R: 0.7777777777777777
 - S: 1.0

Nodes: [ 26  51 101 251 501]

Errors:
 - Prasath_err_v = [4.04847695e-06 8.77291444e-07 1.66204824e-07 1.81606516e-08
 3.43974422e-09]
 - Trap_err_v = [2.49937379e-03 6.63189790e-04 1.69732453e-04 2.75067465e-05
 6.90476918e-06]
 - IMEX2_err_v = [2.39989390e-03 6.42364531e-04 1.64775594e-04 2.67186107e-05
 6.70728864e-06]
 - Daitche_err_v = [1.68491174e-05 4.05954516e-06 8.88213681e-07 1.08327319e-07
 2.11887868e-08]
 - IMEX4_err_v = [2.72199412e-04 2.57167675e-05 1.98577253e-06 5.96691098e-08
 3.98088589e-09]
 - DIRK4_err_v = [2.72198563e-04 2.57167036e-05 1.98576958e-06 5.96692075e-08
 3.98079920e-09]
