Parameters:
 - t_0: 0.0
 - t_f: 1.0
 - y_0: [1. 0.]
 - v_0: (-0.0, 1.0)
 - R: 0.7777777777777777
 - S: 2.0000000000000004

Nodes: [ 26  51 101 251 501]

Errors:
 - Prasath_err_v = [2.78528836e-06 5.84198080e-07 1.09064533e-07 1.18355336e-08
 2.25543587e-09]
 - Trap_err_v = [3.11386090e-03 8.29388505e-04 2.12435460e-04 3.44330456e-05
 8.64350008e-06]
 - IMEX2_err_v = [2.92633273e-03 7.84389688e-04 2.01291273e-04 3.26487795e-05
 8.19680517e-06]
 - Daitche_err_v = [1.82944532e-05 3.05798343e-06 6.71168365e-07 8.17022994e-08
 1.59570567e-08]
 - IMEX4_err_v = [3.12688797e-04 2.71417920e-05 2.00461139e-06 5.84490515e-08
 3.84156671e-09]
 - DIRK4_err_v = [3.12688229e-04 2.71417473e-05 2.00460833e-06 5.84492003e-08
 3.84149323e-09]
