Parameters:
 - t_0: 0.0
 - t_f: 0.09263329919371217
 - y_0: [0.3810451  0.19052255]
 - v_0: [ 1.19328005 -1.46564721]
 - R: 0.7777777777777777
 - S: 0.5000000000000001

Nodes: [  26   51  101  251  501 1001]

Errors:
 - Prasath_err_v = [7.56905597e-06 1.75171280e-06 9.07303806e-07 7.16985855e-07
 5.63704650e-07]
 - Trap_err_v = [0.00793402 0.00519606 0.00226339 0.00048073 0.00051372]
 - IMEX2_err_v = [0.00942351 0.00555953 0.00250725 0.00075712 0.00032079]
 - Daitche_err_v = [0.00193937 0.00302348 0.00125036 0.00042983 0.00020709]
 - IMEX4_err_v = [0.00652911 0.00353684 0.00139199 0.00049438 0.00045438]
 - DIRK4_err_v = [0.006525   0.00349994 0.00141469 0.00053961 0.00041963]
