Parameters:
 - t_0: 0.0
 - t_f: 0.09263329919371217
 - y_0: [0.3810451  0.19052255]
 - v_0: [ 1.19328005 -1.46564721]
 - R: 0.7777777777777777
 - S: 10.0

Nodes: [  26   51  101  251  501 1001]

Errors:
 - Prasath_err_v = [2.17048339e-05 1.67151123e-06 1.89468294e-06 1.18373778e-06
 1.06374361e-06]
 - Trap_err_v = [0.00793003 0.00222511 0.00096807 0.00024483 0.00048995]
 - IMEX2_err_v = [0.005483   0.00269889 0.00108737 0.00032672 0.00013624]
 - Daitche_err_v = [0.00490228 0.00379861 0.00158539 0.00054407 0.00026268]
 - IMEX4_err_v = [3.98756961e-03 1.66525695e-03 5.64639610e-04 6.88513689e-05
 3.05008933e-04]
 - DIRK4_err_v = [0.00340152 0.00161004 0.00058863 0.00014864 0.00024159]
