Parameters:
 - t_0: 0.0
 - t_f: 0.09263329919371217
 - y_0: [0.3810451  0.19052255]
 - v_0: [ 1.19328005 -1.46564721]
 - R: 0.7777777777777777
 - S: 0.9999999999999999

Nodes: [  26   51  101  251  501 1001]

Errors:
 - Prasath_err_v = [1.00740722e-05 1.78175959e-06 1.21883287e-06 8.60666061e-07
 7.09277226e-07]
 - Trap_err_v = [0.00793381 0.00462717 0.00197491 0.00034577 0.00052465]
 - IMEX2_err_v = [0.00875777 0.00502419 0.00223851 0.00067519 0.0002846 ]
 - Daitche_err_v = [0.00293589 0.00329195 0.00136695 0.00047031 0.00022684]
 - IMEX4_err_v = [0.00609526 0.00319578 0.00122877 0.00039774 0.00042727]
 - DIRK4_err_v = [0.00596125 0.00315316 0.00125536 0.00045359 0.00038414]
