Parameters:
 - t_0: 0.0
 - t_f: 0.09263329919371217
 - y_0: [0.3810451  0.19052255]
 - v_0: [ 1.19328005 -1.46564721]
 - R: 0.7777777777777777
 - S: 0.1

Nodes: [  26   51  101  251  501 1001]

Errors:
 - Prasath_err_v = [1.23295712e-05 1.79747709e-06 2.50019237e-07 3.54596753e-07
 2.54512660e-07]
 - Trap_err_v = [0.00701817 0.00520828 0.00229564 0.0006183  0.00042548]
 - IMEX2_err_v = [0.00923911 0.00548579 0.00244851 0.00075988 0.00033562]
 - Daitche_err_v = [0.00121519 0.00227951 0.00094048 0.00032723 0.00015783]
 - IMEX4_err_v = [0.00615763 0.00340691 0.00143575 0.00060307 0.00045142]
 - DIRK4_err_v = [0.00636422 0.00338637 0.00144498 0.0006251  0.00043511]
