Parameters:
 - t_0: 0.0
 - t_f: 0.09263329919371217
 - y_0: [0.3810451  0.19052255]
 - v_0: [ 1.19328005 -1.46564721]
 - R: 0.7777777777777777
 - S: 0.009999999999999997

Nodes: [  26   51  101  251  501 1001]

Errors:
 - Prasath_err_v = [1.64625741e-05 3.02586566e-06 6.92003350e-07 6.38109816e-08
 4.96890317e-08]
 - Trap_err_v = [0.0035004  0.00263028 0.00117346 0.00042597 0.00024167]
 - IMEX2_err_v = [0.00555164 0.00279444 0.001208   0.00045581 0.00022519]
 - Daitche_err_v = [0.00625595 0.00165371 0.00072511 0.00027278 0.0001344 ]
 - IMEX4_err_v = [0.00291752 0.00165563 0.00089796 0.00044206 0.0002946 ]
 - DIRK4_err_v = [0.00320055 0.00165505 0.00089666 0.00044647 0.00029155]
