Parameters:
 - t_0: 0.0
 - t_f: 0.09263329919371217
 - y_0: [0.3810451  0.19052255]
 - v_0: [ 1.19328005 -1.46564721]
 - R: 0.7777777777777777
 - S: 3.9999999999999996

Nodes: [  26   51  101  251  501 1001]

Errors:
 - Prasath_err_v = [1.41446426e-05 1.73854421e-06 1.69336684e-06 1.08423346e-06
 9.51946163e-07]
 - Trap_err_v = [0.00782682 0.00312206 0.0012855  0.00014948 0.00050939]
 - IMEX2_err_v = [0.00678301 0.00357713 0.00151669 0.00045684 0.00019164]
 - Daitche_err_v = [0.00434231 0.00365623 0.00152423 0.0005239  0.00025294]
 - IMEX4_err_v = [0.00478869 0.00224524 0.00080907 0.00018559 0.00035182]
 - DIRK4_err_v = [0.00437414 0.002194   0.00083754 0.00025894 0.00029483]
