Parameters:
 - t_0: 0.0
 - t_f: 0.09263329919371217
 - y_0: [0.3810451  0.19052255]
 - v_0: [ 1.19328005 -1.46564721]
 - R: 0.7777777777777777
 - S: 2.0000000000000004

Nodes: [  26   51  101  251  501 1001]

Errors:
 - Prasath_err_v = [1.23406632e-05 1.77430103e-06 1.48345082e-06 9.83961974e-07
 8.41252802e-07]
 - Trap_err_v = [0.00785978 0.00388954 0.00162128 0.00020944 0.00052124]
 - IMEX2_err_v = [0.00782153 0.00431807 0.00188431 0.00056805 0.00023886]
 - Daitche_err_v = [0.00373681 0.00350094 0.00145744 0.00050141 0.000242  ]
 - IMEX4_err_v = [0.00546756 0.00273358 0.00102168 0.00029006 0.00039078]
 - DIRK4_err_v = [0.00519343 0.0026862  0.00105031 0.0003555  0.00034011]
