Parameters:
 - t_0: 0.0
 - t_f: 0.09263329919371217
 - y_0: [0.3810451  0.19052255]
 - v_0: [ 1.19328005 -1.46564721]
 - R: 0.7777777777777777
 - S: 0.1

Nodes: [  26   51  101  251  501 1001]

Errors:
 - Prasath_err_v = [1.23295712e-05 1.79747709e-06 2.50019237e-07 3.54596753e-07
 2.54512660e-07]
 - Trap_err_v = [0.00701817 0.00520828 0.00229564 0.0006183  0.00042548]
 - IMEX2_err_v = [0.00923911 0.00548579 0.00244851 0.00075988 0.00033562]
 - Daitche_err_v = [0.00121519 0.00227951 0.00094048 0.00032723 0.00015783]
 - IMEX4_err_v = [0.00615763 0.00340691 0.00143575 0.00060307 0.00045142]
 - DIRK4_err_v = [0.00636422 0.00338637 0.00144498 0.0006251  0.00043511]

Runtimes:
 - Prasath_time_v = [  1.99228573   3.30251861  13.00686193  35.20152521 104.40810037]
 - Trap_time_v = [0.09603167 0.25787091 0.44921947 0.72156382 1.75586867]
 - IMEX2_time_v = [0.00786924 0.01561069 0.03180242 0.08230472 0.17337275]
 - Daitche_time_v = [0.01922107 0.03096151 0.05499434 0.14727259 0.44740701]
 - IMEX4_time_v = [0.027637   0.06078386 0.15010214 0.60134482 2.09722686]
 - DIRK4_time_v = [  3.2635963    9.18419123  26.31911516 120.10054874 414.41634917]
