Parameters:
 - t_0: 0.0
 - t_f: 5.0
 - y_0: [0. 0.]
 - v_0: (1.0, 0.0)
 - R: 0.7777777777777777
 - S: 0.1

Nodes: [  26   51  101  251  501 1001]

Errors:
 - Prasath_err_v = [1.80717631e-03 6.96581853e-04 2.45485620e-04 5.49367341e-05
 1.64774716e-05 4.71886121e-06]
 - Trap_err_v = [2.19307303e-02 7.72947840e-03 2.72837738e-03 6.89857656e-04
 2.43605219e-04 8.57371169e-05]
 - IMEX2_err_v = [1.26053259e-02 4.45532454e-03 1.57577017e-03 3.98815992e-04
 1.41029383e-04 4.98670778e-05]
 - Daitche_err_v = [1.33885273e+05 3.02022661e+07 3.04163784e+05 4.34715462e-05
 1.20864870e-05 3.56170971e-06]
 - IMEX4_err_v = [1.59569255e-04 1.83356645e-05 1.82223687e-06 9.09789260e-08
 1.74581483e-08 1.08035219e-08]
 - DIRK4_err_v = [1.56904402e-04 1.77710811e-05 1.70282165e-06 7.87321551e-08
 1.54815099e-08 1.04506853e-08]
