Parameters:
 - t_0: 0.0
 - t_f: 5.0
 - y_0: [0. 0.]
 - v_0: (1.0, 0.0)
 - R: 2.3333333333333335
 - S: 0.1

Nodes: [  26   51  101  251  501 1001]

Errors:
 - Prasath_err_v = [4.33570323e-03 1.29040336e-03 3.62240647e-04 6.33777750e-05
 1.64773025e-05 4.22712701e-06]
 - Trap_err_v = [0.02819076 0.01003293 0.00355994 0.00090215 0.00031949 0.00011194]
 - IMEX2_err_v = [7.43267436e-03 2.62632335e-03 9.24389990e-04 2.32964363e-04
 8.22480778e-05 2.90578919e-05]
 - Daitche_err_v = [4.33439332e+00 2.49908141e-03 5.53687407e-04 8.15106802e-05
 1.95228651e-05 4.69915061e-06]
 - IMEX4_err_v = [7.99612803e-04 8.83334592e-05 8.82034178e-06 3.92445820e-07
 4.00966789e-08 9.42924809e-09]
 - DIRK4_err_v = [7.92401851e-04 8.69944405e-05 8.61153230e-06 3.76927130e-07
 3.79410715e-08 9.11235157e-09]
