Parameters:
 - t_0: 0.0
 - t_f: 5.0
 - y_0: [0. 0.]
 - v_0: (1.0, 0.0)
 - R: 0.3333333333333333
 - S: 0.1

Nodes: [  26   51  101  251  501 1001]

Errors:
 - Prasath_err_v = [7.67152811e-03 3.42370245e-03 1.42654003e-03 4.01882827e-04
 1.42038730e-04 4.70581856e-05]
 - Trap_err_v = [2.03781003e-02 7.16513574e-03 2.52512171e-03 6.38186357e-04
 2.25606961e-04 8.11652382e-05]
 - IMEX2_err_v = [1.53484380e-02 5.44196488e-03 1.92835097e-03 4.88696147e-04
 1.72906068e-04 6.11708326e-05]
 - Daitche_err_v = [6.05032941e+07 5.53156313e+13 1.32094620e+20 2.20104316e+20
 9.32675275e-05 3.20922741e-05]
 - IMEX4_err_v = [4.95232079e-04 5.52745474e-05 5.25510673e-06 5.35058520e-07
 1.89226854e-07 1.67211523e-07]
 - DIRK4_err_v = [4.84371434e-04 5.23792359e-05 4.46180924e-06 4.70724440e-07
 1.74098544e-07 1.63937168e-07]
