Parameters:
 - t_0: 0.0
 - t_f: 5.0
 - y_0: [0. 0.]
 - v_0: (1.0, 0.0)
 - R: 1.0
 - S: 0.1

Nodes: [  26   51  101  251  501 1001]

Errors:
 - Prasath_err_v = [1.93454570e-15 1.18024629e-14 3.21669166e-14 4.37879466e-14
 4.70762410e-13 1.37915394e-12]
 - Trap_err_v = [2.27803921e-02 8.04046138e-03 2.84054842e-03 7.18294771e-04
 2.53919670e-04 8.97678856e-05]
 - IMEX2_err_v = [1.13958940e-02 4.02073324e-03 1.42031860e-03 3.59149179e-04
 1.26959993e-04 4.48839582e-05]
 - Daitche_err_v = [1.03379981e-02 1.86596491e-03 3.33998214e-04 3.39654346e-05
 5.98831805e-06 1.05445414e-06]
 - IMEX4_err_v = [4.17330243e-06 3.68096493e-07 3.25064562e-08 1.31513230e-09
 1.16565222e-10 1.13335841e-11]
 - DIRK4_err_v = [3.98279243e-07 3.51420565e-08 3.10428065e-09 1.25631741e-10
 1.08346957e-11 1.03973956e-12]
