Parameters:
 - t_0: 0.0
 - t_f: 5.0
 - y_0: [0. 0.]
 - v_0: (1.0, 0.0)
 - R: 1.3333333333333333
 - S: 0.1

Nodes: [  26   51  101  251  501 1001]

Errors:
 - Prasath_err_v = [1.86372918e-03 6.35722123e-04 1.99006340e-04 3.88861830e-05
 1.07441199e-05 2.88392282e-06]
 - Trap_err_v = [2.41078205e-02 8.52782193e-03 3.01642327e-03 7.62992054e-04
 2.69356274e-04 9.28131155e-05]
 - IMEX2_err_v = [9.82209308e-03 3.45633653e-03 1.21833635e-03 3.07580601e-04
 1.08666228e-04 3.84048519e-05]
 - Daitche_err_v = [1.21115569e+03 1.81078103e+02 4.04248722e-04 5.31751437e-05
 1.22909965e-05 2.92496131e-06]
 - IMEX4_err_v = [2.25252125e-04 2.56516382e-05 2.58720262e-06 1.18042937e-07
 1.46415562e-08 5.96836544e-09]
 - DIRK4_err_v = [2.22275111e-04 2.50351482e-05 2.48062271e-06 1.09013439e-07
 1.32213301e-08 5.71877888e-09]
