Parameters:
 - t_0: 0.0
 - t_f: 5.0
 - y_0: [0. 0.]
 - v_0: (1.0, 0.0)
 - R: 0.7777777777777777
 - S: 0.1

Nodes: [  26   51  101  251  501 1001]

Errors:
 - Prasath_err_v = [5.29161613e-04 1.44351755e-04 3.59949604e-05 5.09488658e-06
 1.08023623e-06 2.18662741e-07]
 - Trap_err_v = [6.28196642e-03 1.56823990e-03 3.91786677e-04 6.26694531e-05
 1.56538328e-05 3.94330971e-06]
 - IMEX2_err_v = [3.81986011e-03 9.55177298e-04 2.39076491e-04 3.82833734e-05
 9.57385943e-06 2.39390739e-06]
 - Daitche_err_v = [1.22472984e+05 2.48753506e+07 1.88056551e+05 7.06056639e-06
 1.61005976e-06 3.57083623e-07]
 - IMEX4_err_v = [8.26268725e-05 1.05129053e-05 7.86680489e-07 2.60514202e-08
 9.02308857e-09 2.09733597e-09]
 - DIRK4_err_v = [8.28916763e-05 1.05341847e-05 7.88175410e-07 2.61191267e-08
 9.02107499e-09 2.09713490e-09]

Runtimes:
 - Prasath_time_v = [2.16023922e-01 4.56962824e-01 3.92492461e+00 1.69118764e+01
 7.52374518e+01 4.13480779e+02]
 - Trap_time_v = [ 0.07208943  0.06576419  0.20974779  0.84997797  3.7365272  16.84968185]
 - IMEX2_time_v = [0.00141454 0.00271273 0.00558376 0.01600409 0.03827357 0.10498476]
 - Daitche_time_v = [0.00269508 0.00397968 0.00728559 0.03311682 0.21643424 1.56534028]
 - IMEX4_time_v = [0.00832057 0.02013111 0.06193781 0.38126421 1.56103516 6.02431178]
 - DIRK4_time_v = [5.75711966e-01 1.46443272e+00 5.61779523e+00 3.73771563e+01
 1.61507627e+02 6.98604690e+02]
