Parameters:
 - t_0: 0.0
 - t_f: 0.1
 - y_0: [1.  0.5]
 - v_0: [-2.59139887e-33 -3.45575192e-01]
 - R: 0.7777777777777777
 - S: 0.009999999999999998

Nodes: [  26   51  101  251  501 1001]

Errors:
 - Prasath_err_v = [1.29118992e-06 2.07772244e-09 5.73516858e-10 9.93202296e-11
 2.33381499e-11]
 - Trap_err_v = [1.37629536e-03 7.66112084e-04 3.83345457e-04 1.53549307e-04
 7.68642830e-05]
 - IMEX2_err_v = [1.37637969e-03 7.66132664e-04 3.83350506e-04 1.53550106e-04
 7.68644820e-05]
 - Daitche_err_v = [2.32236436e-04 8.14168760e-06 3.83277868e-06 1.42141482e-06
 6.77538085e-07]
 - IMEX4_err_v = [9.91547957e-04 5.32905083e-04 2.99433469e-04 1.46507424e-04
 9.11701942e-05]
 - DIRK4_err_v = [9.91547957e-04 5.32905083e-04 2.99433469e-04 1.46507424e-04
 9.11701942e-05]
