Parameters:
 - t_0: 0.0
 - t_f: 0.1
 - y_0: [1.  0.5]
 - v_0: [-2.59139887e-33 -3.45575192e-01]
 - R: 0.7777777777777777
 - S: 0.5000000000000001

Nodes: [  26   51  101  251  501 1001]

Errors:
 - Prasath_err_v = [1.24967515e-06 2.41215194e-09 9.48690382e-11 1.48399443e-11
 3.48280973e-12]
 - Trap_err_v = [1.12226050e-03 7.91851878e-04 4.58852749e-04 1.95450606e-04
 9.94018734e-05]
 - IMEX2_err_v = [1.12236208e-03 7.91878090e-04 4.58859378e-04 1.95451668e-04
 9.94021389e-05]
 - Daitche_err_v = [6.67064120e-06 2.66706354e-06 1.09949077e-06 3.57477606e-07
 1.58137070e-07]
 - IMEX4_err_v = [0.00099835 0.00065649 0.00037729 0.00018247 0.0001113 ]
 - DIRK4_err_v = [0.00099835 0.00065649 0.00037729 0.00018247 0.0001113 ]
