Parameters:
 - t_0: 0.0
 - t_f: 0.1
 - y_0: [1.  0.5]
 - v_0: [-2.59139887e-33 -3.45575192e-01]
 - R: 0.7777777777777777
 - S: 0.9999999999999999

Nodes: [  26   51  101  251  501 1001]

Errors:
 - Prasath_err_v = [8.84492004e-07 1.67562423e-09 6.61491104e-11 1.03300844e-11
 2.55422719e-12]
 - Trap_err_v = [9.02434169e-04 6.45537028e-04 3.80487015e-04 1.64205553e-04
 8.38847548e-05]
 - IMEX2_err_v = [9.02539154e-04 6.45564166e-04 3.80493894e-04 1.64206658e-04
 8.38850311e-05]
 - Daitche_err_v = [4.82126592e-06 1.88860464e-06 7.61213675e-07 2.40040382e-07
 1.03883180e-07]
 - IMEX4_err_v = [8.16076167e-04 5.47786283e-04 3.18019126e-04 1.53870422e-04
 9.36817749e-05]
 - DIRK4_err_v = [8.16076167e-04 5.47786283e-04 3.18019125e-04 1.53870422e-04
 9.36817749e-05]
