Parameters:
 - t_0: 0.0
 - t_f: 0.1
 - y_0: [1.  0.5]
 - v_0: [-2.59139887e-33 -3.45575192e-01]
 - R: 0.7777777777777777
 - S: 3.9999999999999996

Nodes: [  26   51  101  251  501 1001]

Errors:
 - Prasath_err_v = [6.86206637e-07 5.46675495e-10 2.54803227e-11 4.43543599e-12
 1.40324368e-12]
 - Trap_err_v = [5.30182017e-04 3.85568596e-04 2.32571299e-04 1.02367590e-04
 5.26703433e-05]
 - IMEX2_err_v = [5.30293124e-04 3.85597149e-04 2.32578523e-04 1.02368751e-04
 5.26706339e-05]
 - Daitche_err_v = [2.39967573e-06 9.06988516e-07 3.50214406e-07 1.03592547e-07
 4.26349256e-08]
 - IMEX4_err_v = [4.90960845e-04 3.38414222e-04 1.99485249e-04 9.66583052e-05
 5.87123557e-05]
 - DIRK4_err_v = [4.90960845e-04 3.38414222e-04 1.99485249e-04 9.66583052e-05
 5.87123556e-05]
