Parameters:
 - t_0: 0.0
 - t_f: 0.1
 - y_0: [1.  0.5]
 - v_0: [-2.59139887e-33 -3.45575192e-01]
 - R: 0.7777777777777777
 - S: 2.0000000000000004

Nodes: [  26   51  101  251  501 1001]

Errors:
 - Prasath_err_v = [6.22085208e-07 1.10233258e-09 4.43964891e-11 6.99241293e-12
 1.90734850e-12]
 - Trap_err_v = [7.00921539e-04 5.06229895e-04 3.02316401e-04 1.31905122e-04
 6.76485800e-05]
 - IMEX2_err_v = [7.01029744e-04 5.06257816e-04 3.02323477e-04 1.31906259e-04
 6.76488646e-05]
 - Daitche_err_v = [3.41852365e-06 1.31407862e-06 5.18057366e-07 1.58212071e-07
 6.68185851e-08]
 - IMEX4_err_v = [6.42235362e-04 4.37741034e-04 2.56299894e-04 1.24094316e-04
 7.54511458e-05]
 - DIRK4_err_v = [6.42235362e-04 4.37741034e-04 2.56299894e-04 1.24094316e-04
 7.54511458e-05]
