Parameters:
 - t_0: 0.0
 - t_f: 0.1
 - y_0: [1.  0.5]
 - v_0: [-2.59139887e-33 -3.45575192e-01]
 - R: 0.7777777777777777
 - S: 9.999999999999998

Nodes: [  26   51  101  251  501 1001]

Errors:
 - Prasath_err_v = [3.59306753e-06 6.95748832e-10 1.48377709e-11 1.81215143e-12
 7.40418989e-13]
 - Trap_err_v = [3.56045944e-04 2.60602117e-04 1.58699668e-04 7.04574501e-05
 3.63700646e-05]
 - IMEX2_err_v = [3.56160254e-04 2.60631298e-04 1.58707029e-04 7.04586320e-05
 3.63703604e-05]
 - Daitche_err_v = [1.49487788e-06 5.54560029e-07 2.09051015e-07 5.94584152e-08
 2.36542458e-08]
 - IMEX4_err_v = [3.33290005e-04 2.32113160e-04 1.37723118e-04 6.67907622e-05
 4.05346002e-05]
 - DIRK4_err_v = [3.33290005e-04 2.32113160e-04 1.37723118e-04 6.67907620e-05
 4.05346001e-05]
