Parameters:
 - t_0: 0.0
 - t_f: 1.0
 - y_0: [1. 0.]
 - v_0: (-0.0, 1.0)
 - R: 0.7777777777777777
 - S: 0.10000000000000003

Nodes: [  26   51  101  251  501 1001]

Errors:
 - Prasath_err_v = [1.05534662e-05 2.36341911e-06 5.01953706e-07 6.06148696e-08
 1.19488322e-08 2.40279902e-09]
 - Trap_err_v = [4.36111200e-04 1.13145678e-04 2.88382121e-05 4.67201413e-06
 1.17306798e-06 2.95079326e-07]
 - IMEX2_err_v = [6.74262508e-04 1.77974429e-04 4.53321156e-05 7.31981720e-06
 1.83495668e-06 4.59338360e-07]
 - Daitche_err_v = [1.56827995e-04 7.03466471e-06 1.60804103e-06 2.19326217e-07
 4.67044402e-08 9.53709923e-09]
 - IMEX4_err_v = [9.08128436e-05 1.31587826e-05 1.43189192e-06 5.27478504e-08
 3.83238459e-09 2.62407394e-10]
 - DIRK4_err_v = [9.08122174e-05 1.31587161e-05 1.43188866e-06 5.27478354e-08
 3.83236768e-09 2.62403686e-10]

Runtimes:
 - Prasath_time_v = [  1.02272964   1.34309554   2.35352802   7.8419137   29.00124168
 293.63069844]
 - Trap_time_v = [ 0.02660704  0.06988788  0.33743405  1.28997588  3.63843822 10.87444544]
 - IMEX2_time_v = [0.00142789 0.00315833 0.01318789 0.04097962 0.04576087 0.13239121]
 - Daitche_time_v = [0.00530243 0.00374246 0.01514411 0.06654382 0.16698432 2.01751947]
 - IMEX4_time_v = [9.06133652e-03 2.51474380e-02 1.39609098e-01 6.44776106e-01
 2.01844668e+00 9.65211987e+00]
 - DIRK4_time_v = [1.29134727e+00 6.96857762e+00 1.49325337e+01 8.34972785e+01
 3.14135345e+02 1.46714963e+03]
