Parameters:
 - t_0: 0.0
 - t_f: 0.09263329919371217
 - y_0: [0.3810451  0.19052255]
 - v_0: (array(1.08480005), array(-1.33240655))
 - R: 0.7777777777777777
 - S: 0.1

Nodes: [  26   51  101  251  501 1001]

Errors:
 - Prasath_err_v = [5.69590412e-06 2.20647857e-06 5.91004270e-07 4.81159339e-07
 2.35997046e-07]
 - Trap_err_v = [3.62774334e-03 1.65023607e-03 7.45525795e-04 7.22772856e-05
 1.31009937e-04]
 - IMEX2_err_v = [3.42573697e-03 1.79145316e-03 6.38744101e-04 1.22512206e-04
 3.15144362e-05]
 - Daitche_err_v = [0.00040964 0.00210798 0.00084078 0.00028572 0.00013739]
 - IMEX4_err_v = [1.72471173e-03 7.35881765e-04 1.73299695e-04 6.43705387e-05
 4.35349545e-05]
 - DIRK4_err_v = [1.75631268e-03 7.16419714e-04 1.44454473e-04 3.29959189e-05
 2.59456039e-05]

Runtimes:
 - Prasath_time_v = [  2.05117941   3.25267363  13.02835083  35.2320857  103.75098467]
 - Trap_time_v = [0.09747696 0.26014161 0.46332598 0.69754553 1.72355461]
 - IMEX2_time_v = [0.00777888 0.01564741 0.03165102 0.08249402 0.1728065 ]
 - Daitche_time_v = [0.01927519 0.03081799 0.05484462 0.14671659 0.44028473]
 - IMEX4_time_v = [0.02762556 0.06069303 0.14782333 0.59237599 2.06222224]
 - DIRK4_time_v = [  3.21445107   9.05487823  25.50587964 120.45502663 408.68004489]
