Parameters:
 - t_0: 0.0
 - t_f: 0.09263329919371217
 - y_0: [0.3810451  0.19052255]
 - v_0: (array(1.08480005), array(-1.33240655))
 - R: 0.7777777777777777
 - S: 10.0

Nodes: [  26   51  101  251  501 1001]

Errors:
 - Prasath_err_v = [4.30198752e-05 2.42206779e-06 1.66793379e-06 2.17414783e-06
 8.38005201e-07]
 - Trap_err_v = [0.00967315 0.0012144  0.00101171 0.00073577 0.00037583]
 - IMEX2_err_v = [2.78285451e-03 1.31171687e-03 4.23441355e-04 8.20646097e-05
 2.08031179e-05]
 - Daitche_err_v = [0.01138159 0.00318079 0.00110034 0.0003172  0.00014743]
 - IMEX4_err_v = [0.00333299 0.00067579 0.00036859 0.00029263 0.00015222]
 - DIRK4_err_v = [2.62242065e-03 6.04545884e-04 2.61228513e-04 1.61763519e-04
 8.96078189e-05]
