Parameters:
 - t_0: 0.0
 - t_f: 0.09263329919371217
 - y_0: [0.3810451  0.19052255]
 - v_0: (array(1.08480005), array(-1.33240655))
 - R: 0.7777777777777777
 - S: 0.009999999999999997

Nodes: [  26   51  101  251  501 1001]

Errors:
 - Prasath_err_v = [1.46180678e-05 3.65913732e-06 8.55466732e-07 7.29967637e-08
 5.18516262e-08]
 - Trap_err_v = [2.10176200e-03 2.30431043e-04 9.62929202e-05 2.32799859e-05
 2.13017118e-05]
 - IMEX2_err_v = [9.80520614e-04 3.94883697e-04 1.04432750e-04 1.80719979e-05
 4.55468988e-06]
 - Daitche_err_v = [0.00692788 0.00169041 0.00074758 0.00028309 0.0001397 ]
 - IMEX4_err_v = [5.82361907e-04 4.91028563e-05 1.50989547e-05 1.17246661e-05
 8.12268639e-06]
 - DIRK4_err_v = [2.13054508e-04 6.08338665e-05 1.25202020e-05 6.38559213e-06
 4.86367029e-06]
