Parameters:
 - t_0: 0.0
 - t_f: 0.09263329919371217
 - y_0: [0.3810451  0.19052255]
 - v_0: (array(1.08480005), array(-1.33240655))
 - R: 0.7777777777777777
 - S: 2.0000000000000004

Nodes: [  26   51  101  251  501 1001]

Errors:
 - Prasath_err_v = [1.38738401e-05 2.31229444e-06 1.33290982e-06 1.70426979e-06
 6.71971701e-07]
 - Trap_err_v = [0.00874966 0.00197787 0.00115442 0.000524   0.00032245]
 - IMEX2_err_v = [4.01580598e-03 2.00459435e-03 7.08544690e-04 1.37778022e-04
 3.52619832e-05]
 - Daitche_err_v = [0.00847186 0.0028613  0.00100567 0.00029401 0.00013652]
 - IMEX4_err_v = [0.00354242 0.0009358  0.00037643 0.00022435 0.00012419]
 - DIRK4_err_v = [3.01995298e-03 9.04573356e-04 2.90570803e-04 1.21295833e-04
 7.32971618e-05]
