Parameters:
 - t_0: 0.0
 - t_f: 0.09263329919371217
 - y_0: [0.3810451  0.19052255]
 - v_0: (array(1.08480005), array(-1.33240655))
 - R: 0.7777777777777777
 - S: 0.9999999999999999

Nodes: [  26   51  101  251  501 1001]

Errors:
 - Prasath_err_v = [1.24807107e-05 2.25530807e-06 1.14702121e-06 1.43115415e-06
 5.77275956e-07]
 - Trap_err_v = [0.0078768  0.00219782 0.00117665 0.00040682 0.00028814]
 - IMEX2_err_v = [4.34222574e-03 2.22839301e-03 8.08288520e-04 1.58226331e-04
 4.05961990e-05]
 - Daitche_err_v = [0.00660294 0.00268716 0.00095881 0.00028485 0.00013253]
 - IMEX4_err_v = [0.00342938 0.00103275 0.00036256 0.00018617 0.00010733]
 - DIRK4_err_v = [3.02635943e-03 1.00440535e-03 2.88934823e-04 9.91959604e-05
 6.34610403e-05]
