Parameters:
 - t_0: 0.0
 - t_f: 0.09263329919371217
 - y_0: [0.3810451  0.19052255]
 - v_0: (array(1.08480005), array(-1.33240655))
 - R: 0.7777777777777777
 - S: 3.9999999999999996

Nodes: [  26   51  101  251  501 1001]

Errors:
 - Prasath_err_v = [1.67990565e-05 2.36130248e-06 1.49496763e-06 1.93651865e-06
 7.53101839e-07]
 - Trap_err_v = [0.00931309 0.00166268 0.00109837 0.00062741 0.00034947]
 - IMEX2_err_v = [3.51501236e-03 1.70681242e-03 5.84059528e-04 1.12951910e-04
 2.88361475e-05]
 - Daitche_err_v = [0.00997266 0.00301571 0.00105025 0.00030441 0.00014136]
 - IMEX4_err_v = [0.00350514 0.00081405 0.00037696 0.0002577  0.00013817]
 - DIRK4_err_v = [2.88648145e-03 7.72631074e-04 2.80583644e-04 1.40933324e-04
 8.14358156e-05]
