Parameters:
 - t_0: 0.0
 - t_f: 0.09263329919371217
 - y_0: [0.3810451  0.19052255]
 - v_0: (array(1.08480005), array(-1.33240655))
 - R: 0.7777777777777777
 - S: 0.5000000000000001

Nodes: [  26   51  101  251  501 1001]

Errors:
 - Prasath_err_v = [1.06236188e-05 2.19339983e-06 9.48605453e-07 1.13211418e-06
 4.72799939e-07]
 - Trap_err_v = [0.00671094 0.00225341 0.00113582 0.00028612 0.00024617]
 - IMEX2_err_v = [4.40406794e-03 2.30829303e-03 8.50558573e-04 1.67112499e-04
 4.29590497e-05]
 - Daitche_err_v = [0.00448869 0.00250406 0.00091462 0.0002794  0.00013075]
 - IMEX4_err_v = [3.11476891e-03 1.06004906e-03 3.27974742e-04 1.45798856e-04
 8.82145147e-05]
 - DIRK4_err_v = [2.84927318e-03 1.03169772e-03 2.67883963e-04 7.63888679e-05
 5.22752542e-05]
