Parameters:
 - t_0: 0.0
 - t_f: 0.1
 - y_0: [1.  0.5]
 - v_0: (-2.3558171576799583e-33, -0.3141592653589793)
 - R: 0.7777777777777777
 - S: 3.9999999999999996

Nodes: [  26   51  101  251  501 1001]

Errors:
 - Prasath_err_v = [1.39424649e-09 1.10668547e-10 2.02190050e-11 1.96479721e-12
 2.85665675e-13]
 - Trap_err_v = [3.63308282e-06 1.46920922e-06 4.52120538e-07 7.79484322e-08
 1.97496637e-08]
 - IMEX2_err_v = [3.76708571e-06 1.50376795e-06 4.60856916e-07 7.93509712e-08
 2.01004719e-08]
 - Daitche_err_v = [7.04683868e-10 9.37248154e-11 1.13431018e-11 5.68720801e-13
 7.07515265e-14]
 - IMEX4_err_v = [1.82427189e-06 4.39530941e-07 5.38881818e-08 1.92107192e-09
 1.33585433e-10]
 - DIRK4_err_v = [1.82427185e-06 4.39530954e-07 5.38875413e-08 1.92125758e-09
 1.33602506e-10]
