Parameters:
 - t_0: 0.0
 - t_f: 0.1
 - y_0: [1.  0.5]
 - v_0: (-2.3558171576799583e-33, -0.3141592653589793)
 - R: 0.7777777777777777
 - S: 0.5000000000000001

Nodes: [  26   51  101  251  501 1001]

Errors:
 - Prasath_err_v = [1.19733013e-09 2.98849318e-10 5.44103519e-11 5.37042750e-12
 7.90658828e-13]
 - Trap_err_v = [4.72214428e-06 2.10005101e-06 6.70667094e-07 1.16815714e-07
 2.96384153e-08]
 - IMEX2_err_v = [4.84126108e-06 2.13092774e-06 6.78486937e-07 1.18071503e-07
 2.99525241e-08]
 - Daitche_err_v = [1.25084495e-09 1.73250614e-10 2.27438201e-11 1.53625196e-12
 3.05053535e-13]
 - IMEX4_err_v = [2.55370248e-06 6.34958328e-07 7.45138029e-08 2.56015112e-09
 1.75891418e-10]
 - DIRK4_err_v = [2.55370240e-06 6.34958311e-07 7.45132967e-08 2.56021535e-09
 1.75840792e-10]
