Parameters:
 - t_0: 0.0
 - t_f: 0.1
 - y_0: [1.  0.5]
 - v_0: (-2.3558171576799583e-33, -0.3141592653589793)
 - R: 0.7777777777777777
 - S: 0.009999999999999998

Nodes: [  26   51  101  251  501 1001]

Errors:
 - Prasath_err_v = [4.87311246e-09 1.20401525e-09 2.53444557e-10 2.86502195e-11
 4.49063036e-12]
 - Trap_err_v = [8.74774347e-07 3.72767647e-07 1.09407325e-07 1.83133218e-08
 4.61729031e-09]
 - IMEX2_err_v = [9.74963015e-07 3.97870191e-07 1.15681041e-07 1.93169915e-08
 4.86820419e-09]
 - Daitche_err_v = [2.23606708e-09 3.70952806e-11 6.66654073e-12 1.35181556e-12
 9.65706528e-13]
 - IMEX4_err_v = [4.68396619e-07 8.86565603e-08 7.34893832e-09 2.10689205e-10
 1.28121113e-11]
 - DIRK4_err_v = [4.68396392e-07 8.86565002e-08 7.34896446e-09 2.10706258e-10
 1.27971798e-11]
