Parameters:
 - t_0: 0.0
 - t_f: 0.1
 - y_0: [1.  0.5]
 - v_0: (-2.3558171576799583e-33, -0.3141592653589793)
 - R: 0.7777777777777777
 - S: 0.9999999999999999

Nodes: [  26   51  101  251  501 1001]

Errors:
 - Prasath_err_v = [7.38864200e-10 2.17524788e-10 3.93043801e-11 3.85268978e-12
 5.65443663e-13]
 - Trap_err_v = [4.62481078e-06 1.99328254e-06 6.29206151e-07 1.09289801e-07
 2.77193737e-08]
 - IMEX2_err_v = [4.74903643e-06 2.02551571e-06 6.37374309e-07 1.10601940e-07
 2.80475951e-08]
 - Daitche_err_v = [1.10663125e-09 1.51263684e-10 1.94463412e-11 1.22859598e-12
 2.19016192e-13]
 - IMEX4_err_v = [2.43901816e-06 6.02130873e-07 7.21932271e-08 2.52125495e-09
 1.74145492e-10]
 - DIRK4_err_v = [2.43901810e-06 6.02130864e-07 7.21923854e-08 2.52134037e-09
 1.74125185e-10]
