Parameters:
 - t_0: 0.0
 - t_f: 0.1
 - y_0: [1.  0.5]
 - v_0: (-2.3558171576799583e-33, -0.3141592653589793)
 - R: 0.7777777777777777
 - S: 2.0000000000000004

Nodes: [  26   51  101  251  501 1001]

Errors:
 - Prasath_err_v = [4.95355113e-10 1.56518350e-10 2.82264426e-11 2.75230613e-12
 4.01523039e-13]
 - Trap_err_v = [4.22268626e-06 1.76114209e-06 5.48712729e-07 9.49553882e-08
 2.40714138e-08]
 - IMEX2_err_v = [4.35197123e-06 1.79462074e-06 5.57189895e-07 9.63169454e-08
 2.44119937e-08]
 - Daitche_err_v = [9.08936776e-10 1.22659410e-10 1.53743151e-11 8.88810448e-13
 1.40525742e-13]
 - IMEX4_err_v = [2.17029157e-06 5.29587885e-07 6.43715889e-08 2.27512802e-09
 1.57756648e-10]
 - DIRK4_err_v = [2.17029152e-06 5.29587881e-07 6.43708640e-08 2.27531505e-09
 1.57763549e-10]
