Parameters:
 - t_0: 0.0
 - t_f: 0.1
 - y_0: [1.  0.5]
 - v_0: (-2.3558171576799583e-33, -0.3141592653589793)
 - R: 0.7777777777777777
 - S: 9.999999999999998

Nodes: [  26   51  101  251  501 1001]

Errors:
 - Prasath_err_v = [2.30636708e-08 6.34325588e-11 1.31068009e-11 1.25729567e-12
 1.82638040e-13]
 - Trap_err_v = [2.76493386e-06 1.08074088e-06 3.28117859e-07 5.63344379e-08
 1.42648726e-08]
 - IMEX2_err_v = [2.90429968e-06 1.11644009e-06 3.37119059e-07 5.77783600e-08
 1.46259956e-08]
 - Daitche_err_v = [4.69401194e-10 6.08155524e-11 6.82525100e-12 2.26815738e-13
 1.29088195e-14]
 - IMEX4_err_v = [1.35643132e-06 3.21864191e-07 3.97273742e-08 1.42721376e-09
 9.95007784e-11]
 - DIRK4_err_v = [1.35643129e-06 3.21864134e-07 3.97262469e-08 1.42728567e-09
 9.94750154e-11]
