Parameters:
 - t_0: 0.0
 - t_f: 5.0
 - y_0: [0. 0.]
 - v_0: [1.  0.1]
 - R: 0.7777777777777777
 - S: 0.5000000000000002

Nodes: [  26   51  101  251  501 1001]

Errors:
 - Prasath_err_v = [5.67443792e-04 1.27443389e-04 2.70382392e-05 3.24556630e-06
 6.28824137e-07 1.19436581e-07]
 - Trap_err_v = [0.03164691 0.01657598 0.00849142 0.00344671 0.00173165 0.00086753]
 - IMEX2_err_v = [0.03678912 0.01749739 0.00867366 0.00347584 0.00173907 0.00086983]
 - Daitche_err_v = [2.89111810e-02 1.92772881e-03 7.09886202e-04 2.22142742e-04
 1.07568258e-04 5.20043538e-05]
 - IMEX4_err_v = [0.02952267 0.01805811 0.01184747 0.00797035 0.00665247 0.00598867]
 - DIRK4_err_v = [0.02952322 0.01805822 0.01184749 0.00797035 0.00665247 0.00598867]
