Parameters:
 - t_0: 0.0
 - t_f: 5.0
 - y_0: [0. 0.]
 - v_0: [1.  0.1]
 - R: 0.7777777777777777
 - S: 0.01

Nodes: [  26   51  101  251  501 1001]

Errors:
 - Prasath_err_v = [7.02078996e-04 3.66579927e-04 1.76871665e-04 5.86173861e-05
 2.28319456e-05 8.19786158e-06]
 - Trap_err_v = [0.0152066  0.01555656 0.01336212 0.00941136 0.00688691 0.00495403]
 - IMEX2_err_v = [0.04170645 0.02594629 0.01712153 0.01037135 0.00722719 0.00507302]
 - Daitche_err_v = [1.21598314e+022 7.32529533e+033 3.62921576e+054 6.85691428e+093
 4.37011705e+118 1.43083057e+100]
 - IMEX4_err_v = [0.02587038 0.02178023 0.01955094 0.01984135 0.02278405 0.02849637]
 - DIRK4_err_v = [0.02586607 0.02177983 0.0195509  0.01984135 0.02278405 0.02849637]
