Parameters:
 - t_0: 0.0
 - t_f: 5.0
 - y_0: [0. 0.]
 - v_0: [1.  0.1]
 - R: 0.7777777777777777
 - S: 4.0

Nodes: [  26   51  101  251  501 1001]

Errors:
 - Prasath_err_v = [1.19146544e-03 3.28253727e-04 8.80726130e-05 1.50538868e-05
 3.90627713e-06 1.00987631e-06]
 - Trap_err_v = [0.16228976 0.12258095 0.08948463 0.05767056 0.04103055 0.02910456]
 - IMEX2_err_v = [0.19948321 0.13598653 0.09426084 0.05888375 0.0414636  0.02925776]
 - Daitche_err_v = [0.01399712 0.00509507 0.00316613 0.00173558 0.0011062  0.00071675]
 - IMEX4_err_v = [0.14981139 0.12405139 0.10968235 0.10865153 0.12258782 0.15129756]
 - DIRK4_err_v = [0.14980707 0.12405104 0.10968233 0.10865153 0.12258782 0.15129756]
