Parameters:
 - t_0: 0.0
 - t_f: 5.0
 - y_0: [0. 0.]
 - v_0: [1.  0.1]
 - R: 0.7777777777777777
 - S: 0.5000000000000002

Nodes: [  26   51  101  251  501 1001]

Errors:
 - Prasath_err_v = [1.93360234e-03 6.15193065e-04 1.84461990e-04 3.50307050e-05
 9.61154735e-06 2.58855785e-06]
 - Trap_err_v = [0.11992581 0.09270729 0.06833783 0.04427466 0.03155496 0.0223982 ]
 - IMEX2_err_v = [0.15354367 0.10456078 0.07252285 0.04533299 0.03192951 0.02253314]
 - Daitche_err_v = [0.06312681 0.00911716 0.0058879  0.00333384 0.00218512 0.00145087]
 - IMEX4_err_v = [0.11560615 0.09661848 0.0861161  0.08641757 0.09841728 0.12232046]
 - DIRK4_err_v = [0.11560196 0.09661812 0.08611607 0.08641757 0.09841728 0.12232046]
