Parameters:
 - t_0: 0.0
 - t_f: 5.0
 - y_0: [0. 0.]
 - v_0: [1.  0.1]
 - R: 0.7777777777777777
 - S: 0.1

Nodes: [  26   51  101  251  501 1001]

Errors:
 - Prasath_err_v = [1.81254409e-03 6.98723782e-04 2.46556211e-04 5.53667184e-05
 1.66948338e-05 4.83071782e-06]
 - Trap_err_v = [0.06278845 0.05207803 0.0396009  0.026111   0.01871622 0.01332552]
 - IMEX2_err_v = [0.09420258 0.06324143 0.04355535 0.02711264 0.01907024 0.01344905]
 - Daitche_err_v = [1.74615671e+06 6.02586510e+08 1.01328934e+07 4.09809379e-03
 2.77393846e-03 1.87812112e-03]
 - IMEX4_err_v = [0.06906952 0.05793248 0.05184401 0.0523814  0.05995452 0.07479848]
 - DIRK4_err_v = [0.06906516 0.05793207 0.05184397 0.0523814  0.05995452 0.07479848]
