Parameters:
 - t_0: 0.0
 - t_f: 5.0
 - y_0: [0. 0.]
 - v_0: [1.  0.1]
 - R: 0.7777777777777777
 - S: 2.000000000000001

Nodes: [  26   51  101  251  501 1001]

Errors:
 - Prasath_err_v = [4.31447448e-04 8.72684507e-05 1.70234516e-05 1.88596867e-06
 3.50143469e-07 6.44529017e-08]
 - Trap_err_v = [0.04781018 0.0241384  0.01213863 0.00487251 0.00243877 0.0012198 ]
 - IMEX2_err_v = [0.05114802 0.02477004 0.01229552 0.00489754 0.00244533 0.0012218 ]
 - Daitche_err_v = [4.37721872e-03 1.24430479e-03 4.48583866e-04 1.64097799e-04
 7.86451004e-05 3.75999986e-05]
 - IMEX4_err_v = [0.04061938 0.02472358 0.01606171 0.0106367  0.00878973 0.00785888]
 - DIRK4_err_v = [0.0406198  0.02472366 0.01606172 0.0106367  0.00878973 0.00785888]
