Parameters:
 - t_0: 0.0
 - t_f: 5.0
 - y_0: [0. 0.]
 - v_0: [1.  0.1]
 - R: 0.7777777777777777
 - S: 10.000000000000002

Nodes: [  26   51  101  251  501 1001]

Errors:
 - Prasath_err_v = [2.46265863e-04 4.69859301e-05 8.70076148e-06 9.18849919e-07
 1.66410507e-07 3.00871159e-08]
 - Trap_err_v = [0.05243864 0.02615244 0.01303747 0.00520275 0.00259881 0.00129872]
 - IMEX2_err_v = [0.05540445 0.02686849 0.01321429 0.0052309  0.00260611 0.0013007 ]
 - Daitche_err_v = [4.98777084e-03 8.20353254e-04 2.48925297e-04 8.47167428e-05
 4.06330407e-05 1.91074001e-05]
 - IMEX4_err_v = [0.04253184 0.02563575 0.01647422 0.01072351 0.00876232 0.00777319]
 - DIRK4_err_v = [0.04253194 0.02563578 0.01647423 0.01072351 0.00876232 0.00777319]
