Parameters:
 - t_0: 0.0
 - t_f: 5.0
 - y_0: [0. 0.]
 - v_0: [1.  0.1]
 - R: 0.7777777777777777
 - S: 2.000000000000001

Nodes: [  26   51  101  251  501 1001]

Errors:
 - Prasath_err_v = [1.47498540e-03 4.21220652e-04 1.16116403e-04 2.03509977e-05
 5.35021350e-06 1.39634375e-06]
 - Trap_err_v = [0.15902831 0.11997992 0.08748865 0.05633659 0.04007106 0.02841661]
 - IMEX2_err_v = [0.19483488 0.13274885 0.09201723 0.05748424 0.04047858 0.02856285]
 - Daitche_err_v = [0.014183   0.00650431 0.0041212  0.00227426 0.00146358 0.00095758]
 - IMEX4_err_v = [0.14631167 0.12157547 0.10779735 0.10726269 0.12141085 0.15020683]
 - DIRK4_err_v = [0.1463075  0.12157513 0.10779732 0.10726269 0.12141085 0.15020683]
