Parameters:
 - t_0: 0.0
 - t_f: 5.0
 - y_0: [0. 0.]
 - v_0: [1.  0.1]
 - R: 0.7777777777777777
 - S: 10.000000000000002

Nodes: [  26   51  101  251  501 1001]

Errors:
 - Prasath_err_v = [8.41566180e-04 2.26778364e-04 5.93422206e-05 9.91384752e-06
 2.54234897e-06 6.51685865e-07]
 - Trap_err_v = [0.14603873 0.11216779 0.08265151 0.05357874 0.03819619 0.02712115]
 - IMEX2_err_v = [0.18544891 0.12659553 0.08782492 0.05489696 0.03866514 0.02728638]
 - Daitche_err_v = [0.01522138 0.00370899 0.00206849 0.00112531 0.00070695 0.00045048]
 - IMEX4_err_v = [0.13967245 0.11516573 0.10147604 0.09998088 0.11236774 0.13828017]
 - DIRK4_err_v = [0.1396678  0.11516535 0.10147601 0.09998088 0.11236774 0.13828017]
