Parameters:
 - t_0: 0.0
 - t_f: 5.0
 - y_0: [0. 0.]
 - v_0: [1.  0.1]
 - R: 0.7777777777777777
 - S: 1.0

Nodes: [  26   51  101  251  501 1001]

Errors:
 - Prasath_err_v = [5.09879716e-04 1.07998905e-04 2.18458396e-05 2.50439636e-06
 4.73410064e-07 8.82972824e-08]
 - Trap_err_v = [0.04008411 0.02058402 0.01044515 0.00421609 0.00211424 0.00105823]
 - IMEX2_err_v = [0.0444354  0.02129747 0.0106125  0.00424283 0.00212112 0.00106049]
 - Daitche_err_v = [5.15237834e-03 1.44463328e-03 5.43380993e-04 1.96136023e-04
 9.44109374e-05 4.54004413e-05]
 - IMEX4_err_v = [0.0356151  0.02174307 0.01419722 0.00947851 0.00787332 0.00706458]
 - DIRK4_err_v = [0.03561561 0.02174317 0.01419724 0.00947851 0.00787332 0.00706458]
