Parameters:
 - t_0: 0.0
 - t_f: 5.0
 - y_0: [0. 0.]
 - v_0: [1.  0.1]
 - R: 0.7777777777777777
 - S: 1.0

Nodes: [  26   51  101  251  501 1001]

Errors:
 - Prasath_err_v = [1.73717958e-03 5.21300077e-04 1.49020851e-04 2.70269497e-05
 7.23466524e-06 1.91322895e-06]
 - Trap_err_v = [0.14334241 0.10902389 0.07977887 0.05147141 0.03663412 0.02598521]
 - IMEX2_err_v = [0.17798981 0.12128382 0.08411287 0.05256801 0.03702236 0.02612609]
 - Daitche_err_v = [0.01525897 0.00793034 0.00506872 0.00282579 0.00183489 0.00120997]
 - IMEX4_err_v = [0.13392182 0.11163739 0.09925842 0.09920449 0.11264926 0.13970152]
 - DIRK4_err_v = [0.13391768 0.11163704 0.09925839 0.09920449 0.11264926 0.13970152]
