Parameters:
 - t_0: 0.0
 - t_f: 5.0
 - y_0: [0. 0.]
 - v_0: [1.  0.1]
 - R: 0.7777777777777777
 - S: 4.0

Nodes: [  26   51  101  251  501 1001]

Errors:
 - Prasath_err_v = [3.48355254e-04 6.80091910e-05 1.29126779e-05 1.39516729e-06
 2.55667799e-07 4.66194732e-08]
 - Trap_err_v = [0.05273122 0.02634248 0.0131616  0.00526113 0.00262945 0.0013144 ]
 - IMEX2_err_v = [0.05543239 0.02697547 0.01331825 0.0052861  0.00263607 0.00131628]
 - Daitche_err_v = [3.94488632e-03 1.04414367e-03 3.54246281e-04 1.28998025e-04
 6.16782767e-05 2.92935286e-05]
 - IMEX4_err_v = [0.04339144 0.02630522 0.01700406 0.01117168 0.00918445 0.00818259]
 - DIRK4_err_v = [0.04339174 0.02630528 0.01700407 0.01117168 0.00918445 0.00818259]
