Parameters:
 - t_0: 0.0
 - t_f: 5.0
 - y_0: [0. 0.]
 - v_0: [1.  0.1]
 - R: 0.7777777777777777
 - S: 0.01

Nodes: [  26   51  101  251  501 1001]

Errors:
 - Prasath_err_v = [2.04138718e-04 7.55682338e-05 2.57944599e-05 5.40251196e-06
 1.48558500e-06 3.76178636e-07]
 - Trap_err_v = [0.00693551 0.00324269 0.0014902  0.00063596 0.00032459 0.00016375]
 - IMEX2_err_v = [0.00965918 0.00404972 0.00183113 0.00068649 0.00033589 0.00016634]
 - Daitche_err_v = [1.20617244e+022 7.20567813e+033 3.50886318e+054 6.27243554e+093
 3.59933897e+118 8.84645299e+099]
 - IMEX4_err_v = [0.00580994 0.00357159 0.00237889 0.00163807 0.00138679 0.00126033]
 - DIRK4_err_v = [0.00580983 0.00357164 0.0023789  0.00163808 0.00138679 0.00126033]
