Parameters:
 - t_0: 0.0
 - t_f: 3.0587570621468925
 - y_0: [0. 0.]
 - v_0: (1.0, -0.0)
 - R: 0.7777777777777777
 - S: 0.09999999999999999

Nodes: [  26   51  101  251  501 1001]

Errors:
 - Prasath_err_v = [1.25935215e-04 3.30561745e-05 7.90884668e-06 1.04837377e-06
 1.85363687e-07]
 - Trap_err_v = [1.72321805e-03 4.24427214e-04 1.05708655e-04 1.69308745e-05
 4.66426926e-06]
 - IMEX2_err_v = [1.24899860e-03 3.41860533e-04 8.90923727e-05 1.45583745e-05
 3.63295986e-06]
 - Daitche_err_v = [1.31457412e+02 1.03595648e+02 4.28431809e-05 3.78046139e-07
 1.90315783e-07]
 - IMEX4_err_v = [4.09562445e-05 3.26489582e-06 1.86233785e-07 4.43787676e-08
 4.99341338e-08]
 - DIRK4_err_v = [4.05153268e-05 3.23271462e-06 1.83710730e-07 4.44914645e-08
 4.99387317e-08]

Runtimes:
 - Prasath_time_v = [  1.13868046   1.92280626  11.33728409  32.19003296 100.33323812]
 - Trap_time_v = [0.1154902  0.15863824 0.37427783 1.43640471 3.06114697]
 - IMEX2_time_v = [0.00437975 0.00861311 0.01750875 0.04668045 0.09880209]
 - Daitche_time_v = [0.01195931 0.01857948 0.03271079 0.09187436 0.33232188]
 - IMEX4_time_v = [0.01697612 0.03772807 0.09905505 0.47803378 1.83185172]
 - DIRK4_time_v = [  1.28539777   4.39654779  11.73121381  67.25573587 264.19868016]
