Parameters:
 - t_0: 0.0
 - t_f: 1.0
 - y_0: [0. 0.]
 - v_0: [0.1 0. ]
 - R: 2.3333333333333335
 - S: 0.10000000000000003

Nodes: [ 26  51 101 251 501]

Errors:
 - Prasath_err_v = [6.59491025e-05 1.45910623e-07 3.62273561e-09 9.17816205e-10
 3.24957329e-10]
 - Trap_err_v = [0.01431918 0.00727917 0.00367064 0.00147606 0.00073936]
 - IMEX2_err_v = [0.01431918 0.00727917 0.00367064 0.00147606 0.00073936]
 - Daitche_err_v = [4.32766702e-04 1.51029823e-04 5.50547341e-05 1.53734308e-05
 7.16539459e-06]
 - IMEX4_err_v = [0.01073118 0.00619712 0.00369253 0.00208678 0.00153256]
 - DIRK4_err_v = [0.01073118 0.00619712 0.00369253 0.00208678 0.00153256]
