Parameters:
 - t_0: 0.0
 - t_f: 1.0
 - y_0: [0. 0.]
 - v_0: [0.1 0. ]
 - R: 1.0
 - S: 0.10000000000000003

Nodes: [ 26  51 101 251 501]

Errors:
 - Prasath_err_v = [2.52076030e-06 2.56877730e-08 8.45352817e-09 2.14162061e-09
 7.58236636e-10]
 - Trap_err_v = [0.01501371 0.00760478 0.00383291 0.00154119 0.00077199]
 - IMEX2_err_v = [0.01501371 0.00760478 0.00383291 0.00154119 0.00077199]
 - Daitche_err_v = [9.08804181e-04 3.24659808e-04 1.19809523e-04 3.56245763e-05
 1.68789264e-05]
 - IMEX4_err_v = [0.01125273 0.00652595 0.00389993 0.00221912 0.00163976]
 - DIRK4_err_v = [0.01125273 0.00652595 0.00389993 0.00221912 0.00163976]
