Parameters:
 - t_0: 0.0
 - t_f: 1.0
 - y_0: [0. 0.]
 - v_0: [0.1 0. ]
 - R: 0.3333333333333333
 - S: 0.10000000000000003

Nodes: [ 26  51 101 251 501]

Errors:
 - Prasath_err_v = [4.07311015e-07 7.71939709e-08 2.53823033e-08 6.42706051e-09
 2.27481789e-09]
 - Trap_err_v = [0.01527215 0.0077369  0.0039007  0.0015688  0.00078589]
 - IMEX2_err_v = [0.01527215 0.0077369  0.0039007  0.0015688  0.00078589]
 - Daitche_err_v = [2.36479961e+01 1.10182854e+01 2.88867269e-04 9.95979467e-05
 4.91999150e-05]
 - IMEX4_err_v = [0.01149208 0.00667543 0.00399573 0.00228237 0.0016922 ]
 - DIRK4_err_v = [0.01149208 0.00667543 0.00399573 0.00228237 0.0016922 ]
