Parameters:
 - t_0: 0.0
 - t_f: 1.0
 - y_0: [0. 0.]
 - v_0: [0.1 0. ]
 - R: 1.3333333333333333
 - S: 0.10000000000000003

Nodes: [ 26  51 101 251 501]

Errors:
 - Prasath_err_v = [5.16120123e-06 1.92886705e-08 6.33992107e-09 1.60619258e-09
 5.68676205e-10]
 - Trap_err_v = [0.01486188 0.00753109 0.00379564 0.00152612 0.00076442]
 - IMEX2_err_v = [0.01486188 0.00753109 0.00379564 0.00152612 0.00076442]
 - Daitche_err_v = [7.04860131e-04 2.54548647e-04 9.27804516e-05 2.68494531e-05
 1.26495136e-05]
 - IMEX4_err_v = [0.01112796 0.0064472  0.00384987 0.00218665 0.00161315]
 - DIRK4_err_v = [0.01112796 0.0064472  0.00384987 0.00218665 0.00161315]
