Parameters:
 - t_0: 0.0
 - t_f: 0.09263329919371217
 - y_0: [0.3810451  0.19052255]
 - v_0: [ 1.19328005 -1.46564721]
 - R: 2.3333333333333335
 - S: 0.1

Nodes: [  26   51  101  251  501 1001]

Errors:
 - Prasath_err_v = [6.33176046e-03 7.96982740e-06 2.15802431e-06 1.19443740e-06
 1.62565546e-06]
 - Trap_err_v = [0.00700534 0.00150192 0.00106869 0.00099752 0.00032019]
 - IMEX2_err_v = [0.00592068 0.00145518 0.00027797 0.0004117  0.00025584]
 - Daitche_err_v = [0.00942382 0.00114718 0.00055874 0.00025548 0.00013193]
 - IMEX4_err_v = [0.00251963 0.00137988 0.00110575 0.00079513 0.00017543]
 - DIRK4_err_v = [0.00208406 0.00119853 0.00108445 0.0006887  0.00023709]
