Parameters:
 - t_0: 0.0
 - t_f: 0.09263329919371217
 - y_0: [0.3810451  0.19052255]
 - v_0: [ 1.19328005 -1.46564721]
 - R: 0.3333333333333333
 - S: 0.1

Nodes: [  26   51  101  251  501 1001]

Errors:
 - Prasath_err_v = [1.50437271e-04 4.16219930e-05 4.09260567e-06 1.09730364e-06
 7.83202032e-07]
 - Trap_err_v = [0.02062512 0.01780002 0.00524811 0.00069501 0.00075802]
 - IMEX2_err_v = [0.02897817 0.01748678 0.00640471 0.00114136 0.00028001]
 - Daitche_err_v = [8.81312453e-03 3.01747784e-03 9.26792244e-04 1.56725007e-04
 5.41276701e-05]
 - IMEX4_err_v = [0.01945431 0.0102663  0.00160571 0.00027032 0.00042925]
 - DIRK4_err_v = [0.01957816 0.00948402 0.00163764 0.00031778 0.00034394]
