Parameters:
 - t_0: 0.0
 - t_f: 0.09263329919371217
 - y_0: [0.3810451  0.19052255]
 - v_0: [ 1.19328005 -1.46564721]
 - R: 1.0
 - S: 0.1

Nodes: [  26   51  101  251  501 1001]

Errors:
 - Prasath_err_v = [1.23165628e-05 6.55267065e-07 6.41353616e-08 6.41509553e-09
 9.85642304e-10]
 - Trap_err_v = [0.00365947 0.00326375 0.00173271 0.00066448 0.00032665]
 - IMEX2_err_v = [0.0051254  0.00335621 0.00173488 0.00066458 0.00032665]
 - Daitche_err_v = [0.00362639 0.00135054 0.00062248 0.00024441 0.00012143]
 - IMEX4_err_v = [0.00372574 0.00254181 0.00136717 0.0006551  0.0004102 ]
 - DIRK4_err_v = [0.00396878 0.00255555 0.00136722 0.00065511 0.0004102 ]
