Parameters:
 - t_0: 0.0
 - t_f: 0.09263329919371217
 - y_0: [0.3810451  0.19052255]
 - v_0: [ 1.19328005 -1.46564721]
 - R: 1.3333333333333333
 - S: 0.1

Nodes: [  26   51  101  251  501 1001]

Errors:
 - Prasath_err_v = [2.56407093e-04 1.00930489e-06 4.35214194e-07 3.78297610e-07
 4.33799773e-07]
 - Trap_err_v = [0.00212209 0.00169418 0.00116238 0.00072136 0.00017709]
 - IMEX2_err_v = [0.00191516 0.00138886 0.00102405 0.00054486 0.00029982]
 - Daitche_err_v = [0.00544307 0.00109408 0.000601   0.00026265 0.00013376]
 - IMEX4_err_v = [0.00158516 0.00179672 0.00124409 0.00070243 0.00034164]
 - DIRK4_err_v = [0.00177316 0.00179121 0.00124325 0.0006711  0.00036344]
