Parameters:
 - t_0: 0.0
 - t_f: 1.0
 - y_0: [1. 0.]
 - v_0: (-0.0, 1.0)
 - R: 1.0
 - S: 0.10000000000000003

Nodes: [ 26  51 101 251 501]

Errors:
 - Prasath_err_v = [4.68561469e-14 4.83346276e-14 5.22916223e-14 4.49407598e-14
 5.47473100e-14]
 - Trap_err_v = [1.33301329e-04 3.33313381e-05 8.33320726e-06 1.33332994e-06
 3.33333234e-07]
 - IMEX2_err_v = [2.66659690e-04 6.66661993e-05 1.66666364e-05 2.66666588e-06
 6.66666617e-07]
 - Daitche_err_v = [2.17079771e-05 2.78210977e-06 3.42681504e-07 1.98169968e-08
 1.98919329e-09]
 - IMEX4_err_v = [2.37032573e-09 1.48147094e-10 9.25819491e-12 2.37337172e-13
 1.51055624e-14]
 - DIRK4_err_v = [2.17014569e-09 1.35876722e-10 9.78525746e-12 8.05610876e-13
 7.88633545e-14]
