Parameters:
 - t_0: 0.0
 - t_f: 1.0
 - y_0: [1. 0.]
 - v_0: (-0.0, 1.0)
 - R: 1.3333333333333333
 - S: 0.10000000000000003

Nodes: [ 26  51 101 251 501]

Errors:
 - Prasath_err_v = [9.93070178e-06 1.62101678e-06 3.17024777e-07 3.52006621e-08
 6.61072093e-09]
 - Trap_err_v = [7.56896914e-04 2.01865604e-04 5.16950594e-05 8.37450686e-06
 2.10165020e-06]
 - IMEX2_err_v = [6.16753818e-04 1.59485976e-04 4.06729720e-05 6.59539996e-06
 1.65665536e-06]
 - Daitche_err_v = [3.24476450e-05 5.38537964e-06 1.12319631e-06 1.38170219e-07
 2.71609987e-08]
 - IMEX4_err_v = [1.12026840e-04 1.44409474e-05 1.38054584e-06 4.64501573e-08
 3.25779708e-09]
 - DIRK4_err_v = [1.12025835e-04 1.44408614e-05 1.38054097e-06 4.64500029e-08
 3.25776253e-09]
