Parameters:
 - t_0: 0.0
 - t_f: 1.0
 - y_0: [1. 0.]
 - v_0: (-0.0, 1.0)
 - R: 0.3333333333333333
 - S: 0.10000000000000003

Nodes: [ 26  51 101 251 501]

Errors:
 - Prasath_err_v = [6.60422804e-05 1.76957071e-05 4.43381964e-06 6.49464302e-07
 1.45169391e-07]
 - Trap_err_v = [1.45707592e-03 3.82222495e-04 9.75919395e-05 1.58115827e-05
 3.96948779e-06]
 - IMEX2_err_v = [1.71252947e-03 4.51360387e-04 1.15148306e-04 1.86282218e-05
 4.67350791e-06]
 - Daitche_err_v = [2.31332526e+00 6.71950267e-01 1.26335503e-05 1.93312337e-06
 4.52158297e-07]
 - IMEX4_err_v = [3.24598129e-04 5.44500629e-05 7.08247306e-06 3.20663319e-07
 2.49263656e-08]
 - DIRK4_err_v = [3.24597020e-04 5.44499106e-05 7.08246775e-06 3.20663243e-07
 2.49263759e-08]
