Parameters:
 - t_0: 0.0
 - t_f: 1.0
 - y_0: [1. 0.]
 - v_0: (-0.0, 1.0)
 - R: 2.3333333333333335
 - S: 0.10000000000000003

Nodes: [ 26  51 101 251 501]

Errors:
 - Prasath_err_v = [1.39972619e-04 2.44581862e-06 4.55017149e-07 4.76575380e-08
 8.67186900e-09]
 - Trap_err_v = [2.49631084e-03 6.65016223e-04 1.70477452e-04 2.76400384e-05
 6.93857899e-06]
 - IMEX2_err_v = [2.38695391e-03 6.31450555e-04 1.61723315e-04 2.62281726e-05
 6.58570232e-06]
 - Daitche_err_v = [4.73282191e-05 9.43535962e-06 1.87823597e-06 2.13793561e-07
 4.04346563e-08]
 - IMEX4_err_v = [3.34349227e-04 3.77700383e-05 3.20518894e-06 1.00700429e-07
 6.85799503e-09]
 - DIRK4_err_v = [3.34346062e-04 3.77698225e-05 3.20517493e-06 1.00700044e-07
 6.85796072e-09]
