Parameters:
 - t_0: 0.0
 - t_f: 5.0
 - y_0: [0. 0.]
 - v_0: (1.0, 0.0)
 - R: 0.7777777777777777
 - S: 10.000000000000002

Nodes: [  26   51  101  251  501 1001]

Errors:
 - Prasath_err_v = [8.45322739e-04 2.26563664e-04 5.92354058e-05 9.87093443e-06
 2.52064677e-06 6.40525771e-07]
 - Trap_err_v = [0.03320611 0.01177002 0.00417525 0.0010589  0.00037417 0.0001285 ]
 - IMEX2_err_v = [0.02615623 0.00951329 0.00339586 0.00086277 0.00030539 0.00010803]
 - Daitche_err_v = [1.72128221e-02 3.08906494e-03 5.66567917e-04 6.36987813e-05
 1.29931971e-05 2.97875352e-06]
 - IMEX4_err_v = [1.40696921e-03 1.42261425e-04 1.35880243e-05 5.78408188e-07
 5.21654058e-08 4.93147330e-09]
 - DIRK4_err_v = [1.40334391e-03 1.41913690e-04 1.35535649e-05 5.76698369e-07
 5.19803818e-08 4.89068607e-09]
