Parameters:
 - t_0: 0.0
 - t_f: 5.0
 - y_0: [0. 0.]
 - v_0: (1.0, 0.0)
 - R: 0.7777777777777777
 - S: 2.000000000000001

Nodes: [  26   51  101  251  501 1001]

Errors:
 - Prasath_err_v = [1.47368823e-03 4.20742507e-04 1.15877421e-04 2.02550217e-05
 5.30170482e-06 1.37138671e-06]
 - Trap_err_v = [2.29495689e-02 7.99964024e-03 2.82065994e-03 7.13949709e-04
 2.51454012e-04 8.64832054e-05]
 - IMEX2_err_v = [2.40374139e-02 8.71140021e-03 3.11059334e-03 7.91099801e-04
 2.80159763e-04 9.91309418e-05]
 - Daitche_err_v = [1.35392903e-02 2.44884913e-03 4.65697927e-04 5.91335175e-05
 1.37488263e-05 3.47868057e-06]
 - IMEX4_err_v = [1.13775296e-03 1.19213456e-04 1.15935069e-05 5.00769404e-07
 4.63352918e-08 5.73666934e-09]
 - DIRK4_err_v = [1.13395588e-03 1.18733251e-04 1.15278380e-05 4.96179168e-07
 4.57543121e-08 5.62547559e-09]
