Parameters:
 - t_0: 0.0
 - t_f: 5.0
 - y_0: [0. 0.]
 - v_0: (1.0, 0.0)
 - R: 0.7777777777777777
 - S: 0.01

Nodes: [  26   51  101  251  501 1001]

Errors:
 - Prasath_err_v = [6.87388114e-04 3.59695336e-04 1.73446432e-04 5.72452634e-05
 2.21388503e-05 7.84141767e-06]
 - Trap_err_v = [2.27401868e-02 8.02594885e-03 2.83531899e-03 7.16999170e-04
 2.53513480e-04 8.90950413e-05]
 - IMEX2_err_v = [1.14537080e-02 4.04117812e-03 1.42759945e-03 3.61004566e-04
 1.27618712e-04 4.51185877e-05]
 - Daitche_err_v = [9.02644636e+019 3.91750082e+031 4.32593976e+052 5.00422576e+091
 2.10790389e+116 4.19059968e+097]
 - IMEX4_err_v = [9.48134853e-06 1.61940016e-06 5.00254761e-07 9.54196036e-08
 3.38964233e-08 3.20162480e-08]
 - DIRK4_err_v = [8.04486812e-06 1.37571286e-06 4.71743877e-07 9.12923982e-08
 3.17222168e-08 3.14812893e-08]
