Parameters:
 - t_0: 0.0
 - t_f: 5.0
 - y_0: [0. 0.]
 - v_0: (1.0, 0.0)
 - R: 0.7777777777777777
 - S: 0.5000000000000002

Nodes: [  26   51  101  251  501 1001]

Errors:
 - Prasath_err_v = [1.93152037e-03 6.14236606e-04 1.83983846e-04 3.48386694e-05
 9.51448598e-06 2.53861781e-06]
 - Trap_err_v = [1.97321334e-02 6.88181836e-03 2.41990150e-03 6.11020241e-04
 2.15880818e-04 7.76219081e-05]
 - IMEX2_err_v = [1.72625381e-02 6.16878636e-03 2.19209593e-03 5.56298162e-04
 1.96890346e-04 6.96483540e-05]
 - Daitche_err_v = [1.44227209e-02 1.99207263e-03 3.80675056e-04 5.35330927e-05
 1.39268297e-05 3.77318725e-06]
 - IMEX4_err_v = [6.06190565e-04 6.53938728e-05 6.45503906e-06 2.84610707e-07
 2.87974425e-08 6.51615365e-09]
 - DIRK4_err_v = [6.02424386e-04 6.47650181e-05 6.35007335e-06 2.76004621e-07
 2.75845293e-08 6.37413515e-09]
