Parameters:
 - t_0: 0.0
 - t_f: 5.0
 - y_0: [0. 0.]
 - v_0: (1.0, 0.0)
 - R: 0.7777777777777777
 - S: 0.5000000000000002

Nodes: [  26   51  101  251  501 1001]

Errors:
 - Prasath_err_v = [5.66679224e-04 1.27289413e-04 2.69837496e-05 3.23173247e-06
 6.23889991e-07 1.17648880e-07]
 - Trap_err_v = [5.33336453e-03 1.30096972e-03 3.22410905e-04 5.14085212e-05
 1.28471191e-05 3.22583812e-06]
 - IMEX2_err_v = [5.50336015e-03 1.39204962e-03 3.49954559e-04 5.61935587e-05
 1.40650603e-05 3.51836641e-06]
 - Daitche_err_v = [8.16521334e-03 5.24841433e-04 7.06412806e-05 5.42706481e-06
 1.12963786e-06 2.34718903e-07]
 - IMEX4_err_v = [1.96765549e-04 2.12232208e-05 1.75402141e-06 5.49030826e-08
 3.69861432e-09 9.15592356e-10]
 - DIRK4_err_v = [1.97052996e-04 2.12431660e-05 1.75625039e-06 5.49697914e-08
 3.70421625e-09 9.15371185e-10]
