Parameters:
 - t_0: 0.0
 - t_f: 5.0
 - y_0: [0. 0.]
 - v_0: (1.0, 0.0)
 - R: 0.7777777777777777
 - S: 1.0

Nodes: [  26   51  101  251  501 1001]

Errors:
 - Prasath_err_v = [5.10015824e-04 1.07890029e-04 2.18073118e-05 2.49461458e-06
 4.69921057e-07 8.70331451e-08]
 - Trap_err_v = [5.84500613e-03 1.42454241e-03 3.53850873e-04 5.65626882e-05
 1.40174394e-05 3.41169014e-06]
 - IMEX2_err_v = [6.64362855e-03 1.69371221e-03 4.26990639e-04 6.86579974e-05
 1.71918961e-05 4.30136865e-06]
 - Daitche_err_v = [4.57992033e-03 5.78904892e-04 7.77907938e-05 5.90792855e-06
 8.99211073e-07 1.83386613e-07]
 - IMEX4_err_v = [2.67218283e-04 2.52393999e-05 1.93667304e-06 5.81024257e-08
 3.85065093e-09 6.36996589e-10]
 - DIRK4_err_v = [2.67737337e-04 2.52717674e-05 1.93852381e-06 5.81710925e-08
 3.85645424e-09 6.36750665e-10]
