Parameters:
 - t_0: 0.0
 - t_f: 5.0
 - y_0: [0. 0.]
 - v_0: (1.0, 0.0)
 - R: 0.7777777777777777
 - S: 0.01

Nodes: [  26   51  101  251  501 1001]

Errors:
 - Prasath_err_v = [2.00832976e-04 7.44691112e-05 2.54072811e-05 5.30449559e-06
 1.45066060e-06 3.63531856e-07]
 - Trap_err_v = [6.64813904e-03 1.66174265e-03 4.15556595e-04 6.64896895e-05
 1.66284685e-05 4.17068651e-06]
 - IMEX2_err_v = [3.35484958e-03 8.39057253e-04 2.09714723e-04 3.35562761e-05
 8.38906484e-06 2.09729079e-06]
 - Daitche_err_v = [8.95361985e+019 3.85353064e+031 4.18248232e+052 4.57766894e+091
 1.73612298e+116 2.59093872e+097]
 - IMEX4_err_v = [3.03724463e-06 9.73797472e-07 4.52922402e-07 8.83734851e-08
 2.24380323e-08 5.19389576e-09]
 - DIRK4_err_v = [2.52132905e-06 9.64402802e-07 4.52079756e-07 8.83430357e-08
 2.24358081e-08 5.19360190e-09]
