Parameters:
 - t_0: 0.0
 - t_f: 5.0
 - y_0: [0. 0.]
 - v_0: (1.0, 0.0)
 - R: 0.7777777777777777
 - S: 10.000000000000002

Nodes: [  26   51  101  251  501 1001]

Errors:
 - Prasath_err_v = [2.47438763e-04 4.69513518e-05 8.68858397e-06 9.15756670e-07
 1.65306361e-07 2.96872238e-08]
 - Trap_err_v = [1.05342432e-02 2.64294317e-03 6.63862770e-04 1.06536192e-04
 2.66121541e-05 6.40571257e-06]
 - IMEX2_err_v = [8.57927973e-03 2.21943664e-03 5.61968493e-04 9.05125250e-05
 2.26753020e-05 5.67443212e-06]
 - Daitche_err_v = [6.54358170e-03 8.14612647e-04 1.05244398e-04 7.38210376e-06
 1.02412570e-06 1.66614988e-07]
 - IMEX4_err_v = [4.45155853e-04 3.12862320e-05 2.09329236e-06 5.59426914e-08
 3.56323149e-09 2.41824783e-10]
 - DIRK4_err_v = [4.43572000e-04 3.11767493e-05 2.08522396e-06 5.56879027e-08
 3.54434038e-09 2.39346328e-10]
