Parameters:
 - t_0: 0.0
 - t_f: 5.0
 - y_0: [0. 0.]
 - v_0: (1.0, 0.0)
 - R: 0.7777777777777777
 - S: 2.000000000000001

Nodes: [  26   51  101  251  501 1001]

Errors:
 - Prasath_err_v = [4.31723306e-04 8.71914567e-05 1.69962094e-05 1.87905198e-06
 3.47676230e-07 6.35589466e-08]
 - Trap_err_v = [7.19590060e-03 1.77389210e-03 4.42993899e-04 7.09913968e-05
 1.76113165e-05 4.17778247e-06]
 - IMEX2_err_v = [7.73948109e-03 1.98883852e-03 5.02944554e-04 8.09492204e-05
 2.02767214e-05 5.07393185e-06]
 - Daitche_err_v = [5.11332777e-03 6.45626131e-04 8.60078868e-05 6.40189272e-06
 9.34661960e-07 1.55607649e-07]
 - IMEX4_err_v = [3.37030126e-04 2.69458865e-05 1.99522975e-06 5.80070860e-08
 3.79486937e-09 4.43895472e-10]
 - DIRK4_err_v = [3.35242284e-04 2.69729521e-05 1.99736722e-06 5.80838483e-08
 3.80138879e-09 4.43610704e-10]
