Parameters:
 - t_0: 0.0
 - t_f: 5.0
 - y_0: [0. 0.]
 - v_0: (1.0, 0.0)
 - R: 0.7777777777777777
 - S: 1.0

Nodes: [  26   51  101  251  501 1001]

Errors:
 - Prasath_err_v = [1.73695905e-03 5.20623884e-04 1.48682829e-04 2.68911957e-05
 7.16605288e-06 1.87792811e-06]
 - Trap_err_v = [2.00739197e-02 6.96367424e-03 2.44729446e-03 6.18209874e-04
 2.17680830e-04 7.68801685e-05]
 - IMEX2_err_v = [2.06633103e-02 7.43969204e-03 2.65097814e-03 6.73647662e-04
 2.38516721e-04 8.43887001e-05]
 - Daitche_err_v = [1.21408121e-02 2.18792016e-03 4.20359865e-04 5.66522646e-05
 1.39773198e-05 3.66214363e-06]
 - IMEX4_err_v = [8.81979869e-04 9.36936163e-05 9.17473962e-06 3.99538885e-07
 3.80430331e-08 6.00358801e-09]
 - DIRK4_err_v = [8.78116565e-04 9.31273190e-05 9.08829819e-06 3.92958442e-07
 3.71591796e-08 5.87128763e-09]
