Parameters:
 - t_0: 0.0
 - t_f: 5.0
 - y_0: [0. 0.]
 - v_0: (1.0, 0.0)
 - R: 0.7777777777777777
 - S: 4.0

Nodes: [  26   51  101  251  501 1001]

Errors:
 - Prasath_err_v = [1.19077088e-03 3.27915474e-04 8.79036505e-05 1.49860293e-05
 3.87197646e-06 9.92229904e-07]
 - Trap_err_v = [0.02751502 0.00968049 0.00342604 0.00086848 0.00030704 0.00010488]
 - IMEX2_err_v = [0.02622047 0.0095399  0.00340925 0.00086712 0.00030706 0.00010865]
 - Daitche_err_v = [1.51478801e-02 2.73441574e-03 5.11618627e-04 6.12304712e-05
 1.34044943e-05 3.26124764e-06]
 - IMEX4_err_v = [1.32225865e-03 1.36362202e-04 1.31595991e-05 5.64586141e-07
 5.14590422e-08 5.46115131e-09]
 - DIRK4_err_v = [1.31857169e-03 1.35958433e-04 1.31114424e-05 5.61579761e-07
 5.10950602e-08 5.37321120e-09]
