Parameters:
 - t_0: 0.0
 - t_f: 5.0
 - y_0: [0. 0.]
 - v_0: (1.0, 0.0)
 - R: 0.7777777777777777
 - S: 4.0

Nodes: [  26   51  101  251  501 1001]

Errors:
 - Prasath_err_v = [3.48637390e-04 6.79547202e-05 1.28934161e-05 1.39027647e-06
 2.53922937e-07 4.59872638e-08]
 - Trap_err_v = [8.75074927e-03 2.18199250e-03 5.46599345e-04 8.76996728e-05
 2.18967322e-05 5.19707646e-06]
 - IMEX2_err_v = [8.47856830e-03 2.19198579e-03 5.54772376e-04 8.93722395e-05
 2.23898437e-05 5.60318548e-06]
 - Daitche_err_v = [5.72427545e-03 7.19257025e-04 9.45928572e-05 6.86505900e-06
 9.81020000e-07 1.62977263e-07]
 - IMEX4_err_v = [4.08670795e-04 2.88585730e-05 1.95589493e-06 5.55838630e-08
 3.59796748e-09 3.10119823e-10]
 - DIRK4_err_v = [4.06950688e-04 2.87318581e-05 1.95857624e-06 5.56697079e-08
 3.60530418e-09 3.09963021e-10]
