Parameters:
 - t_0: 0.0
 - t_f: 5.0
 - y_0: [0. 0.]
 - v_0: [1.  0.1]
 - R: 2.3333333333333335
 - S: 0.1

Nodes: [  26   51  101  251  501 1001]

Errors:
 - Prasath_err_v = [1.27467594e-03 2.67294975e-04 5.30914008e-05 5.86934935e-06
 1.07690511e-06 1.94585531e-07]
 - Trap_err_v = [0.01591186 0.00870977 0.00453319 0.00185565 0.00093454 0.00046877]
 - IMEX2_err_v = [0.02077758 0.00992492 0.00483691 0.001904   0.00094685 0.00047213]
 - Daitche_err_v = [1.38304966e+01 2.20830688e-03 6.74763039e-04 1.60047970e-04
 5.67079740e-05 2.08853556e-05]
 - IMEX4_err_v = [0.01646503 0.00996154 0.0065708  0.00446777 0.00375403 0.00339468]
 - DIRK4_err_v = [0.01646197 0.00996119 0.00657076 0.00446777 0.00375403 0.00339468]
