Parameters:
 - t_0: 0.0
 - t_f: 5.0
 - y_0: [0. 0.]
 - v_0: [1.  0.1]
 - R: 1.0
 - S: 0.1

Nodes: [  26   51  101  251  501 1001]

Errors:
 - Prasath_err_v = [4.96314274e-06 1.89388327e-06 9.47772939e-07 3.80428265e-07
 1.91886327e-07 9.83180831e-08]
 - Trap_err_v = [0.06225734 0.05175217 0.03941021 0.02600962 0.01864908 0.01327819]
 - IMEX2_err_v = [0.0932194  0.06280079 0.04333086 0.02700337 0.01900063 0.01340251]
 - Daitche_err_v = [2.24487839e+05 3.04184286e+06 5.50499045e+01 3.34369108e-03
 2.20889277e-03 1.47563872e-03]
 - IMEX4_err_v = [0.06885554 0.05773278 0.05165477 0.05217552 0.05970711 0.07447893]
 - DIRK4_err_v = [0.06885127 0.0577324  0.05165474 0.05217552 0.05970711 0.07447893]
