Parameters:
 - t_0: 0.0
 - t_f: 5.0
 - y_0: [0. 0.]
 - v_0: [1.  0.1]
 - R: 1.0
 - S: 0.1

Nodes: [  26   51  101  251  501 1001]

Errors:
 - Prasath_err_v = [1.20024858e-06 2.67880981e-07 9.47772992e-08 2.40603984e-08
 8.58145377e-09 3.10915360e-09]
 - Trap_err_v = [0.01582537 0.00867841 0.00453275 0.00185985 0.00093774 0.00047083]
 - IMEX2_err_v = [0.02091908 0.00981537 0.00477148 0.00189566 0.00094669 0.00047306]
 - Daitche_err_v = [2.01165040e+05 2.35151339e+06 2.49026358e+01 3.24621151e-04
 1.19795963e-04 4.83006905e-05]
 - IMEX4_err_v = [0.01638706 0.01002817 0.00663345 0.00452198 0.00380523 0.00344438]
 - DIRK4_err_v = [0.01638658 0.01002814 0.00663345 0.00452198 0.00380523 0.00344438]
