Parameters:
 - t_0: 0.0
 - t_f: 5.0
 - y_0: [0. 0.]
 - v_0: [1.  0.1]
 - R: 1.3333333333333333
 - S: 0.1

Nodes: [  26   51  101  251  501 1001]

Errors:
 - Prasath_err_v = [1.85974003e-03 6.34475232e-04 1.98383204e-04 3.86361397e-05
 1.06179248e-05 2.81917847e-06]
 - Trap_err_v = [0.06148094 0.05126313 0.03912279 0.02585666 0.01854863 0.01321316]
 - IMEX2_err_v = [0.09175921 0.06213762 0.04299164 0.02683829 0.01889557 0.01333235]
 - Daitche_err_v = [1.41411217e+04 3.29203768e+03 5.00113768e-03 2.62836013e-03
 1.69261535e-03 1.11606936e-03]
 - IMEX4_err_v = [0.06852851 0.05743155 0.0513702  0.05186645 0.05933599 0.07399986]
 - DIRK4_err_v = [0.0685243  0.0574312  0.05137017 0.05186645 0.05933599 0.07399986]
