Parameters:
 - t_0: 0.0
 - t_f: 5.0
 - y_0: [0. 0.]
 - v_0: [1.  0.1]
 - R: 2.3333333333333335
 - S: 0.1

Nodes: [  26   51  101  251  501 1001]

Errors:
 - Prasath_err_v = [4.34576224e-03 1.28966440e-03 3.61884597e-04 6.32348695e-05
 1.64051513e-05 4.19007858e-06]
 - Trap_err_v = [0.0593153  0.04981026 0.03825799 0.02539348 0.01824298 0.01300488]
 - IMEX2_err_v = [0.08749074 0.06014552 0.04196338 0.02633727 0.01857711 0.01311992]
 - Daitche_err_v = [1.88141880e+01 7.73435571e-03 3.45631278e-03 1.62270837e-03
 9.98983069e-04 6.44474589e-04]
 - IMEX4_err_v = [0.06751049 0.05651933 0.0505131  0.0509387  0.05822395 0.07256601]
 - DIRK4_err_v = [0.06750621 0.05651898 0.05051306 0.0509387  0.05822395 0.07256601]
