Parameters:
 - t_0: 0.0
 - t_f: 5.0
 - y_0: [0. 0.]
 - v_0: [1.  0.1]
 - R: 0.3333333333333333
 - S: 0.1

Nodes: [  26   51  101  251  501 1001]

Errors:
 - Prasath_err_v = [2.24526414e-03 7.10120709e-04 2.09337413e-04 3.73193630e-05
 9.33314343e-06 2.19023481e-06]
 - Trap_err_v = [0.01545413 0.00857806 0.0045107  0.00185851 0.00093819 0.00047104]
 - IMEX2_err_v = [0.02231507 0.01012974 0.00482413 0.00188751 0.00094552 0.00047322]
 - Daitche_err_v = [1.55167434e+08 2.37802241e+14 8.33746201e+20 2.00892969e+21
 2.76224567e-04 1.36684998e-04]
 - IMEX4_err_v = [0.01634306 0.01005992 0.00666385 0.00454854 0.0038304  0.00346886]
 - DIRK4_err_v = [0.01634622 0.0100606  0.00666397 0.00454855 0.0038304  0.00346886]
