Parameters:
 - t_0: 0.0
 - t_f: 5.0
 - y_0: [0. 0.]
 - v_0: [1.  0.1]
 - R: 1.3333333333333333
 - S: 0.1

Nodes: [  26   51  101  251  501 1001]

Errors:
 - Prasath_err_v = [5.44750678e-04 1.31540974e-04 2.91153953e-05 3.58910335e-06
 6.98078085e-07 1.31319376e-07]
 - Trap_err_v = [0.01592571 0.00870672 0.00453815 0.00185969 0.00093721 0.00047011]
 - IMEX2_err_v = [0.02037179 0.00973058 0.00478267 0.00189876 0.000947   0.00047291]
 - Daitche_err_v = [1.22197733e+04 2.23882130e+03 1.02875723e-03 2.58818911e-04
 9.38542021e-05 3.63824882e-05]
 - IMEX4_err_v = [0.01640825 0.0100119  0.00661801 0.00450857 0.00379254 0.00343205]
 - DIRK4_err_v = [0.01640676 0.01001172 0.00661799 0.00450857 0.00379254 0.00343205]
