Parameters:
 - t_0: 0.0
 - t_f: 5.0
 - y_0: [0. 0.]
 - v_0: [1.  0.1]
 - R: 0.3333333333333333
 - S: 0.1

Nodes: [  26   51  101  251  501 1001]

Errors:
 - Prasath_err_v = [7.68243323e-03 3.42874912e-03 1.42905371e-03 4.02890185e-04
 1.42547406e-04 4.73195442e-05]
 - Trap_err_v = [0.06388072 0.0527263  0.03997857 0.0263121  0.01884881 0.01341346]
 - IMEX2_err_v = [0.0961917  0.06411654 0.04399895 0.02732882 0.01920822 0.01354141]
 - Daitche_err_v = [1.64016202e+08 2.63423000e+14 1.00958695e+21 3.28835145e+21
 5.63521426e-03 4.07439680e-03]
 - IMEX4_err_v = [0.0694866  0.05832811 0.05222084 0.05279254 0.06044915 0.07543776]
 - DIRK4_err_v = [0.0694818  0.05832756 0.05222078 0.05279254 0.06044915 0.07543776]
