Parameters:
 - t_0: 0.0
 - t_f: 5.0
 - y_0: [0. 0.]
 - v_0: [1.  0.1]
 - R: 0.7777777777777777
 - S: 0.1

Nodes: [  26   51  101  251  501 1001]

Errors:
 - Prasath_err_v = [5.30449404e-04 1.44696301e-04 3.61168538e-05 5.12582513e-06
 1.09127012e-06 2.22660217e-07]
 - Trap_err_v = [0.01572727 0.0086515  0.00452708 0.00185964 0.00093796 0.00047049]
 - IMEX2_err_v = [0.02135309 0.00990735 0.0047824  0.00189322 0.00094638 0.00047314]
 - Daitche_err_v = [1.59731549e+06 4.96305496e+08 6.26490427e+06 3.91673139e-04
 1.46951474e-04 6.17465544e-05]
 - IMEX4_err_v = [0.01637257 0.01003889 0.00664366 0.00453088 0.00381365 0.00345257]
 - DIRK4_err_v = [0.01637301 0.01003901 0.00664368 0.00453088 0.00381365 0.00345257]
