Parameters:
 - t_0: 0.0
 - t_f: 3.0587570621468925
 - y_0: [0. 0.]
 - v_0: (1.0, -0.0)
 - R: 1.0
 - S: 0.09999999999999999

Nodes: [  26   51  101  251  501 1001]

Errors:
 - Prasath_err_v = [1.08051568e-14 1.90661209e-14 3.15397147e-14 2.40177963e-14
 9.06039944e-15]
 - Trap_err_v = [1.71144626e-03 4.28091037e-04 1.07085967e-04 1.71367899e-05
 4.28430466e-06]
 - IMEX2_err_v = [1.10621242e-03 3.02968656e-04 7.91989949e-05 1.30097345e-05
 3.28080704e-06]
 - Daitche_err_v = [9.59327920e-04 1.24642396e-04 1.57119070e-05 9.86731704e-07
 1.17812527e-07]
 - IMEX4_err_v = [2.51126077e-07 1.51271477e-08 9.28628651e-10 2.35002078e-11
 1.44939986e-12]
 - DIRK4_err_v = [1.18724560e-07 7.29277682e-09 4.50638209e-10 2.21685165e-11
 2.97545459e-12]
