Parameters:
 - t_0: 0.0
 - t_f: 3.0587570621468925
 - y_0: [0. 0.]
 - v_0: (1.0, -0.0)
 - R: 0.3333333333333333
 - S: 0.09999999999999999

Nodes: [  26   51  101  251  501 1001]

Errors:
 - Prasath_err_v = [6.18802577e-04 1.92153935e-04 5.47844951e-05 9.05085179e-06
 1.83215211e-06]
 - Trap_err_v = [1.59762624e-03 3.76902108e-04 9.29656288e-05 1.52676817e-05
 5.55428923e-06]
 - IMEX2_err_v = [1.66477164e-03 4.56220906e-04 1.18167446e-04 1.88467590e-05
 4.34382695e-06]
 - Daitche_err_v = [1.67050774e+05 1.29074990e+09 3.88830196e+11 8.79632429e+00
 2.49246120e-06]
 - IMEX4_err_v = [1.32322661e-04 9.89889610e-06 2.62405560e-07 5.75435955e-07
 5.93004015e-07]
 - DIRK4_err_v = [1.31644658e-04 9.83176546e-06 2.59084189e-07 5.75920020e-07
 5.93062405e-07]
