Parameters:
 - t_0: 0.0
 - t_f: 3.0587570621468925
 - y_0: [0. 0.]
 - v_0: (1.0, -0.0)
 - R: 1.3333333333333333
 - S: 0.09999999999999999

Nodes: [  26   51  101  251  501 1001]

Errors:
 - Prasath_err_v = [1.15836677e-04 2.69561342e-05 5.77863724e-06 6.81376010e-07
 1.13156072e-07]
 - Trap_err_v = [1.62483635e-03 4.13867657e-04 1.04061962e-04 1.66551744e-05
 4.44323665e-06]
 - IMEX2_err_v = [9.75885488e-04 2.67963250e-04 7.04494071e-05 1.16540957e-05
 2.96565342e-06]
 - Daitche_err_v = [7.73227703e-01 1.54960202e-04 2.44986571e-05 2.05129364e-06
 3.40577996e-07]
 - IMEX4_err_v = [5.31830077e-05 4.41457081e-06 2.89361794e-07 2.06898080e-08
 2.81344167e-08]
 - DIRK4_err_v = [5.34623507e-05 4.42719023e-06 2.89778325e-07 2.07117311e-08
 2.81435141e-08]
