Parameters:
 - t_0: 0.0
 - t_f: 3.0587570621468925
 - y_0: [0. 0.]
 - v_0: (1.0, -0.0)
 - R: 2.3333333333333335
 - S: 0.09999999999999999

Nodes: [  26   51  101  251  501 1001]

Errors:
 - Prasath_err_v = [2.34262278e-04 4.84098271e-05 9.42759437e-06 1.01656376e-06
 1.61527069e-07]
 - Trap_err_v = [1.31841062e-03 3.39035537e-04 8.57150982e-05 1.37610218e-05
 4.17490231e-06]
 - IMEX2_err_v = [1.24865108e-03 3.36224878e-04 8.83735771e-05 1.46730849e-05
 3.74262228e-06]
 - Daitche_err_v = [3.66075154e-03 2.33710536e-04 3.63263950e-05 3.18603009e-06
 5.37083417e-07]
 - IMEX4_err_v = [1.58030637e-04 1.37677296e-05 9.64855286e-07 1.67296672e-08
 3.74757611e-08]
 - DIRK4_err_v = [1.58265479e-04 1.37774505e-05 9.65226374e-07 1.67661726e-08
 3.74820622e-08]
