Parameters:
 - t_0: 0.0
 - t_f: 5.0
 - y_0: [0. 0.]
 - v_0: [1.  0.1]
 - R: 0.7777777777777777
 - S: 0.1

Nodes: [  26   51  101  251  501 1001]

Errors:
 - Prasath_err_v = [5.30449404e-04 1.44696301e-04 3.61168538e-05 5.12582513e-06
 1.09127012e-06 2.22660217e-07]
 - Trap_err_v = [0.01572727 0.0086515  0.00452708 0.00185964 0.00093796 0.00047049]
 - IMEX2_err_v = [0.02135309 0.00990735 0.0047824  0.00189322 0.00094638 0.00047314]
 - Daitche_err_v = [1.59731549e+06 4.96305496e+08 6.26490427e+06 3.91673139e-04
 1.46951474e-04 6.17465544e-05]
 - IMEX4_err_v = [0.01637257 0.01003889 0.00664366 0.00453088 0.00381365 0.00345257]
 - DIRK4_err_v = [0.01637301 0.01003901 0.00664368 0.00453088 0.00381365 0.00345257]

Runtimes:
 - Prasath_time_v = [2.12981462e-01 4.46624517e-01 3.91424870e+00 1.69352763e+01
 7.47248006e+01 4.09260762e+02]
 - Trap_time_v = [ 0.07176018  0.06560564  0.20972133  0.8496089   3.72174835 17.05896831]
 - IMEX2_time_v = [0.00141335 0.00280809 0.00567913 0.01611876 0.03852749 0.10530972]
 - Daitche_time_v = [0.00266528 0.00391912 0.00722289 0.03256488 0.2109952  1.54653263]
 - IMEX4_time_v = [0.00829983 0.01997137 0.06220102 0.37442493 1.53512836 6.04055595]
 - DIRK4_time_v = [5.82813740e-01 1.54798651e+00 5.92000079e+00 3.70524545e+01
 1.56507233e+02 6.96739749e+02]
