Parameters:
 - t_0: 0.0
 - t_f: 5.0
 - y_0: [0. 0.]
 - v_0: [1.  0.1]
 - R: 0.7777777777777777
 - S: 0.1

Nodes: [  26   51  101  251  501 1001]

Errors:
 - Prasath_err_v = [1.81254409e-03 6.98723782e-04 2.46556211e-04 5.53667184e-05
 1.66948338e-05 4.83071782e-06]
 - Trap_err_v = [0.06278845 0.05207803 0.0396009  0.026111   0.01871622 0.01332552]
 - IMEX2_err_v = [0.09420258 0.06324143 0.04355535 0.02711264 0.01907024 0.01344905]
 - Daitche_err_v = [1.74615671e+06 6.02586510e+08 1.01328934e+07 4.09809379e-03
 2.77393846e-03 1.87812112e-03]
 - IMEX4_err_v = [0.06906952 0.05793248 0.05184401 0.0523814  0.05995452 0.07479848]
 - DIRK4_err_v = [0.06906516 0.05793207 0.05184397 0.0523814  0.05995452 0.07479848]

Runtimes:
 - Prasath_time_v = [2.10579634e-01 4.58821774e-01 3.86496282e+00 1.68232505e+01
 7.48301892e+01 4.06599415e+02]
 - Trap_time_v = [ 0.07130885  0.06562638  0.20608592  0.84264398  3.70173931 16.85873747]
 - IMEX2_time_v = [0.00140834 0.00268912 0.0055511  0.01578808 0.03796148 0.10475683]
 - Daitche_time_v = [0.00267434 0.00396347 0.00720215 0.03267407 0.21399784 1.56628132]
 - IMEX4_time_v = [0.00829387 0.02000046 0.06127739 0.37726784 1.54789186 6.03162599]
 - DIRK4_time_v = [5.84507465e-01 1.53516197e+00 5.83570552e+00 3.74299843e+01
 1.57756075e+02 6.98324479e+02]
