Parameters:
 - t_0: 0.0
 - t_f: 0.1
 - y_0: [1.  0.5]
 - v_0: (-2.3558171576799583e-33, -0.3141592653589793)
 - R: 0.7777777777777777
 - S: 0.09999999999999999

Nodes: [  26   51  101  251  501 1001]

Errors:
 - Prasath_err_v = [4.24822446e-09 5.90308469e-10 1.11386902e-10 1.13226453e-11
 1.69021210e-12]
 - Trap_err_v = [3.56122676e-06 1.65061482e-06 5.28933602e-07 9.17145130e-08
 2.32474021e-08]
 - IMEX2_err_v = [3.66991631e-06 1.67840482e-06 5.35924982e-07 9.28346497e-08
 2.35274893e-08]
 - Daitche_err_v = [1.09917178e-09 1.59453229e-10 2.20893861e-11 1.77933872e-12
 5.08986952e-13]
 - IMEX4_err_v = [1.99405936e-06 4.80836551e-07 5.11597399e-08 1.65643670e-09
 1.11501477e-10]
 - DIRK4_err_v = [1.99405923e-06 4.80836516e-07 5.11590932e-08 1.65650798e-09
 1.11498701e-10]

Runtimes:
 - Prasath_time_v = [ 0.43750191  0.8054738   2.47647786 23.13518929 86.00467062]
 - Trap_time_v = [0.03224516 0.07095551 0.19342184 0.59883952 1.58538985]
 - IMEX2_time_v = [0.00389647 0.00776124 0.0156908  0.04192662 0.09058094]
 - Daitche_time_v = [0.01004744 0.01566505 0.02749324 0.07976365 0.30720639]
 - IMEX4_time_v = [0.015661   0.0348537  0.09334064 0.46293974 1.81645179]
 - DIRK4_time_v = [  0.91922903   2.17003846   6.7236855   49.91976714 157.07067728]
