Parameters:
 - t_0: 0.0
 - t_f: 0.09263329919371217
 - y_0: [0.3810451  0.19052255]
 - v_0: (array(1.08480005), array(-1.33240655))
 - R: 2.3333333333333335
 - S: 0.1

Nodes: [  26   51  101  251  501 1001]

Errors:
 - Prasath_err_v = [4.77441101e-03 6.16397174e-06 2.02944172e-06 1.62536814e-06
 1.37572601e-06]
 - Trap_err_v = [0.00999376 0.00297068 0.00181808 0.00054182 0.00050547]
 - IMEX2_err_v = [8.67960465e-03 3.79442662e-03 1.14981754e-03 1.88067308e-04
 4.79689912e-05]
 - Daitche_err_v = [0.00895738 0.00150897 0.00091988 0.00042631 0.00022111]
 - IMEX4_err_v = [0.00514003 0.00083686 0.00036648 0.00029207 0.00018731]
 - DIRK4_err_v = [0.00496611 0.00100374 0.00027438 0.00015609 0.00011397]
