Parameters:
 - t_0: 0.0
 - t_f: 0.09263329919371217
 - y_0: [0.3810451  0.19052255]
 - v_0: (array(1.08480005), array(-1.33240655))
 - R: 1.3333333333333333
 - S: 0.1

Nodes: [  26   51  101  251  501 1001]

Errors:
 - Prasath_err_v = [1.50211133e-04 7.84203625e-07 6.01505561e-07 5.13195443e-07
 3.90103213e-07]
 - Trap_err_v = [0.00440445 0.00168947 0.00079995 0.00012269 0.00015895]
 - IMEX2_err_v = [3.62752719e-03 1.80064167e-03 6.10075468e-04 1.06603011e-04
 2.71944582e-05]
 - Daitche_err_v = [0.00573742 0.00125812 0.00069744 0.00030303 0.00015437]
 - IMEX4_err_v = [2.58480307e-03 5.95402495e-04 1.46039037e-04 8.75075232e-05
 5.29519872e-05]
 - DIRK4_err_v = [2.39399576e-03 6.17885858e-04 1.19134156e-04 4.61417164e-05
 3.23333153e-05]
