Parameters:
 - t_0: 0.0
 - t_f: 0.09263329919371217
 - y_0: [0.3810451  0.19052255]
 - v_0: (array(1.08480005), array(-1.33240655))
 - R: 1.0
 - S: 0.1

Nodes: [  26   51  101  251  501 1001]

Errors:
 - Prasath_err_v = [4.99578306e-06 2.96313950e-07 1.03453152e-13 1.21146497e-13
 6.29851315e-15]
 - Trap_err_v = [2.29219289e-03 1.73910271e-04 1.43839624e-05 2.30052970e-06
 5.75064503e-07]
 - IMEX2_err_v = [1.16798929e-04 3.07363733e-05 7.90312037e-06 1.27388608e-06
 3.19307426e-07]
 - Daitche_err_v = [0.00345656 0.00148842 0.00068298 0.00026555 0.00013187]
 - IMEX4_err_v = [8.29092853e-04 4.80589917e-05 4.99825819e-09 1.64306220e-10
 1.04582985e-11]
 - DIRK4_err_v = [4.76362916e-04 2.89927756e-05 3.36952178e-07 5.30978949e-08
 1.32085074e-08]
