Parameters:
 - t_0: 0.0
 - t_f: 0.09263329919371217
 - y_0: [0.3810451  0.19052255]
 - v_0: (array(1.08480005), array(-1.33240655))
 - R: 0.3333333333333333
 - S: 0.1

Nodes: [  26   51  101  251  501 1001]

Errors:
 - Prasath_err_v = [1.38196593e-04 3.85770522e-05 4.28672003e-06 1.28217393e-06
 6.79549985e-07]
 - Trap_err_v = [0.01313357 0.01304681 0.00530958 0.00067447 0.00079213]
 - IMEX2_err_v = [0.01993781 0.01225102 0.00511632 0.00111629 0.00028861]
 - Daitche_err_v = [9.91815106e-03 1.87424945e-03 4.17997373e-04 6.88823391e-05
 4.66465409e-05]
 - IMEX4_err_v = [1.19830386e-02 7.58875413e-03 1.52044502e-03 9.55549617e-05
 2.18419499e-04]
 - DIRK4_err_v = [1.25417581e-02 6.93368421e-03 1.41161662e-03 4.66964354e-05
 1.24824984e-04]
